	AS1	AS2	AS3	SD1	SD2	SD3	SD4	SD5	SD6	SD8	SD9
1000547	0	7.75	1	0	0	0	0	0	4.5	6.5	2
1007399	21	2262.66666666667	1137.33333333333	0	5.33333333333333	266.666666666667	1	0.666666666666667	2825	1706	696.666666666667
100791	0	0	0	3	3	0	3	4	0	0	0
1008348	0	11.2	0	0	0	0	0	0	1.8	1.2	0.8
1010113	0	0	0	0.285714285714286	0	0.285714285714286	0	0	19	0	0.285714285714286
1010458	0	0.75	0.75	0	0	0	0	0	1.25	0.5	0
1010721	0	0	0	0.5	0	0.5	1	0.5	0	0	0
1015143	2.5	118.25	183	0.5	7.5	1	0	0	537.75	340.5	444.25
1016369	79.4	0	0	98.8	75.6	83.4	83	68	0	0	0
1026498	0	0	11.3333333333333	0	1.66666666666667	1.33333333333333	0	0	0.666666666666667	23.3333333333333	14.6666666666667
1027904	0.8	0	0	0	0.6	1	0	0	0	0	0
1033413	0.5	0	0	0.5	0.666666666666667	0	0.333333333333333	0	0	0	0
1036749	0.75	1.5	0	0	0.5	0	0	0	0.5	1.25	0.5
103728	4	0	0	4.66666666666667	2.33333333333333	2.66666666666667	2.66666666666667	4.16666666666667	0	0	0
1039092	0	0	0	1	0.75	0	1	0.75	0	0	0
1039594	2	0	0	4.33333333333333	0	3.66666666666667	4.33333333333333	1.33333333333333	0	0	0
1042479	14.25	0	4.75	6	342.25	0	0	0	13.5	26.25	35.5
104789	0	0	0	0.428571428571429	0	0.714285714285714	0.714285714285714	0.285714285714286	0	0	0
1048420	0	0.8	0	0	0	0	0	0	1.6	0.4	0
1059729	0	8.25	0	0	0	0	0	0	1.75	1	0
1059977	29.8333333333333	0	0	36.8333333333333	25.1666666666667	31.3333333333333	26.6666666666667	19.6666666666667	0	0	0
1060441	0	0	11.25	0	0	0	0	0	0.75	3	2
1061772	0	0.2	0	0	0	0	0	0	2.7	0.4	0.6
1065569	0	5.75	1.5	0	0	0.75	0	0	4.75	4.75	0.5
1065974	0.333333333333333	1.33333333333333	0.333333333333333	0	0.333333333333333	0	0	0	0.333333333333333	0	0
106749	2	0	0	1	0	0.5	1.5	0.75	0	0	0
1067519	0.625	0	0	1.75	0.875	0.875	0.5	0.75	0	0	0
1071929	0	2	0.5	0	0	0	0	0	3.75	1.5	2
107258	0	0.75	1.25	0	0	0	0	0	3.75	1.25	2.75
1074210	0	0.5	0	0	0	0	0	0	1	0.75	1.5
1076969	0	0	0	0.6	0.4	0	1	1	0	0	0
1078207	0	0.5	1	0	0	0	0	0	2.25	1.75	0
1079708	0	0.4	0.4	0	0	0	0	0	2.8	0.8	0
1081134	0	3.25	0	0	0	0	0	0	1	1.5	0
1081222	0.2	0	0	0.2	0.8	0.6	1.1	0.9	0	0	0
1082059	0	2	1	0	0	0	1.5	0	4.5	0	0
1084045	0.6	0	0	1.1	1	0.6	1	0.6	0	0	0
1085410	0	1.2	1.2	0	0	0	0	0	4.6	0.4	0
1086805	0	0.6	0	0	0.4	0.6	0	0	0.6	2.6	0.6
109413	0.333333333333333	6.16666666666667	11.8333333333333	0	0	0	0	0	0.5	4.83333333333333	0
1096842	0	2.8	0	0	0	0	0	0	0.6	0.6	0
1098655	0	0	0	0	0	0.25	1.5	1.375	0	0	0
1100972	1	0	0	2.2	1.2	0.8	2.8	2.4	0	0	0
110450	0.4	0	0	1.2	0	0	0.6	1.8	0	0	0
1106113	0	0	0	0.8	0	1	1.2	0.8	0	0	0
1107999	0.5	0	0	1.25	0.5	0.75	0.75	0.5	0	0	0
1108244	1.33333333333333	0	0	0.75	1.75	1	1.5	0.5	0	0	0
1108706	0	0.285714285714286	1	0	0	0.714285714285714	1	0.428571428571429	1	0	1.14285714285714
1109251	1.66666666666667	0	0	3.33333333333333	2	1.83333333333333	1.5	2	0	0	0
111121	1.8	0	0	1.7	1.3	2.6	1.8	1.2	0	0	0
1111582	0.333333333333333	0	0	0.333333333333333	0.5	0.333333333333333	0.333333333333333	0.333333333333333	0	0	0
1112200	3.3	0	0	5.5	2.7	5.8	3.6	5.6	0	0	0
1112485	0	0	0	1.75	0	0.5	0.75	0.75	0	0	0
1113589	1	0	0	2.25	0.75	1.25	2.25	2.5	0	0	0
1115572	0	0	0	0.333333333333333	0	0	0.333333333333333	0.5	0	0	0
1121955	8.6	0	0	13.2	8.8	10.4	9	11.4	0	0	0
1123021	0.6	0	0	0.4	0.2	1.2	0.5	2.1	0	0	0
1125320	5.4	0	0	7.2	5.2	7.4	5.3	3.5	0	0	0
1126217	0	0	0	0	0.222222222222222	0.333333333333333	0.222222222222222	0.222222222222222	0	0	0
1126851	2.6	0	0	5	1.8	4.6	2	1.4	0	0	0
1127227	0.444444444444444	0	0	0.222222222222222	0.333333333333333	0.333333333333333	0.333333333333333	1	0	0	0
1129461	0.333333333333333	0.333333333333333	0	0.5	0	0.666666666666667	0.333333333333333	0	0	0	0
1129680	0.75	0	0	0	0.75	2	1	0.5	0	0	0
1130824	474.4	0	0	654	468.4	526.6	460.8	394.4	0	0	0
1132675	0.8	0	0	2.5	1.3	1.4	1.9	1.7	0	0	0
1135616	0.833333333333333	0	0	0.666666666666667	0.5	1.16666666666667	1.33333333333333	1.33333333333333	0	0	0
1136950	0.7	0	0	0.6	1	1.6	1.3	0.4	0	0	0
113773	0.5	0	0	0.5	0.333333333333333	0	0.833333333333333	0.333333333333333	0	0	0
1147446	0.2	0	0	0	0	0	1.1	1.1	0	0	0
12408	2	0	0	3	1	1.75	0.75	3.25	0	0	0
12434	1.75	0	0	4.75	2	2.25	4.25	3.5	0	0	0
12574	1.66666666666667	11	18	0	0	0	0	0	0	1.33333333333333	2
129642	0.333333333333333	0	0	0	0	0.333333333333333	0.333333333333333	0	0	0	0
130710	1.5	0	0	1.25	0.5	0.5	1.75	0	0	0	0
132333	0.4	0	0	0.4	0	0	0.4	1	0	0	0
132526	2	0	0	4.4	2	3.4	4.4	5.8	0	0	0
132609	428.75	0	0	650	347.25	471.75	456.25	381	0	0	0
132653	0	0	0	1.75	0.75	1	0.5	0.75	0	0	0
132985	0.75	0	0	1.25	0	1.25	2	2.5	0	0	0
133328	3	0	0	4	2.75	2.25	0.5	1.25	0	0	0
134649	0	0	0	1.4	0.4	0.4	0	0	0	0	0
136025	3.5	0	0.75	5.75	7.25	5	0.5	1.25	0	0	0
136560	0.8	0	0	0.4	0	0.8	0.6	1.2	0	0	0
137961	8.5	0	0	10.4	8.1	7.8	11	7.2	0	0	0
138130	0.8	0	0	2.1	1.8	1.6	1.2	1.1	0	0	0
138175	0	0	0	0.375	0	0.375	0.625	0	0	0	0
138493	0	0	0	0	0	0.3	0.2	0.2	0	0	0
138850	0.777777777777778	0	0	1.22222222222222	1	1.77777777777778	1.11111111111111	0.666666666666667	0	0	0
140598	1	0	0	3.11111111111111	1.44444444444444	2.55555555555556	2.33333333333333	2.66666666666667	0	0	0
140966	2.33333333333333	0	0	1.66666666666667	0.833333333333333	0.833333333333333	1.83333333333333	1	0	0	0
141350	173.833333333333	0	0	249	211.333333333333	215.333333333333	193.666666666667	127.5	0.666666666666667	0	0
141564	0.5	0	0	1	0.5	0.5	1.75	2.25	0	0	0
14157	0	0	20.5	0	0	0	0	0	0	1.125	4
142419	0	0	0	1	1	0.4	1	1.2	0	0	0
142429	18.5	0	0	24.3	15	22.3	16.4	16.5	0	0	0
14659	0.2	0	0	0.2	0.4	0.2	0	0.2	0	0	0
149265	8.25	0	0	12.625	11.875	10.625	14.75	12.5	0	0	0
15062	1.5	0	0	0.75	2	1	1.75	1	0	0	0
152485	27.6666666666667	0.833333333333333	0	35.1666666666667	27.1666666666667	33.8333333333333	34.1666666666667	30.5	0	0	0
15257	0	0	0	0	0	0.75	0.5	0.5	0	0	0
1532107	15.9	0	0	22.1	16.2	18.1	16.2	14.2	0	0	0
1541939	0	0	101.5	0	11.5	0.75	0	0	0	0	0
1550056	42.3	0	0	56.1	35.3	49.9	44.9	41.1	0	0	0
155345	6.33333333333333	0	0	11.7777777777778	9.22222222222222	9.11111111111111	6.11111111111111	7.66666666666667	0	0	0
15540	0.75	0	0	1.5	0.75	1.25	2.75	1.25	0	0	0
1565317	0	0	0	0.4	0	0.4	0.2	0.4	0	0	0
1566691	0.333333333333333	0	0	1.16666666666667	0.666666666666667	0.333333333333333	0.333333333333333	0.5	0	0	0
157428	0	0	0	0.3	0.3	0	0.5	0.3	0	0	0
1609149	4.7	0	0	5.9	3.9	6.9	3.3	3.4	0	0	0
1616059	0	3	46	0	1.66666666666667	0	0	0	4.33333333333333	0.666666666666667	21.6666666666667
163477	3	0	0	2.8	3.1	3.5	3.1	2.7	0	0	0
164413	11	0	0	13.4	7.6	9.6	9.1	8.4	0	0	0
167761	2	3	2	1.66666666666667	1.33333333333333	1.66666666666667	3.33333333333333	0	4.66666666666667	0	0
1689895	0	2	0	1	0	0.666666666666667	1.66666666666667	0.666666666666667	7.66666666666667	0	0
169182	0	0	0	0	0	0	0.571428571428571	0	0	1.14285714285714	1.28571428571429
1712416	0	0	0	0	0	0	0	0	1.75	0.75	1
1816138	0.6	0	0	0.5	0.8	1.1	0.7	0.7	0	0	0
1823053	5131	0	0	7160.8	5172.4	5643	5202.6	4098.6	0.4	0	0
183571	0.7	0	0	1.9	0.8	0.6	1.5	0.9	0	0	0
1843701	0.2	0	0	0.4	0.4	0.5	1.8	0.4	0	0	0
186479	0.5	0	0	1.25	0	0.75	1.25	0.5	0	0	0
1891556	0.2	0	0	0	0	0.2	3.6	2.7	0	0	0
189772	2.875	0	0	5.875	3.125	6	5.5	5.125	0	0	0
1934300	0	0	0	0	0.5	0.625	0.75	0.375	0	0	0
197286	0	0	0	0.333333333333333	0	1	0	0.5	97	3.5	22.8333333333333
197398	0.4	0	0	0.6	0.6	0.5	0.2	1.4	0	0	0
1998479	0.2	0	0	0.4	0.2	0.2	0.6	0.7	0	0	0
2012617	0.222222222222222	0	0	0.333333333333333	0.222222222222222	0.444444444444444	0.222222222222222	0.222222222222222	0	0	0
202466	32.6666666666667	0	0	52.8333333333333	28.1666666666667	42	39.8333333333333	37.6666666666667	0	0	0
203579	0	0	0	18	0	8	0	5	97	0	0
204714	22.3333333333333	0	0	36.3333333333333	15.6666666666667	25	38	27	0	0	0
207627	0	0	0	0.333333333333333	0	0	0.333333333333333	0.5	0	0	0
208424	2	0	0	1	1	2.5	3.5	1.5	0	0	0
210269	0	0	0	0	0	0	0	0	192	1.5	3.5
2109002	0.2	0	0	0.8	0.2	0.3	0.2	0	0	0	0
211171	0	0	0	1.5	0	2.5	2.5	0	0	0	0
211593	0	0	0	12	0	3	0	2	151	0	9
218254	2.3	0	0	3.7	4	3.8	8.6	7.1	0	0	0
219151	1.8	0	0	2	1.4	114.2	1.4	1.8	0	0	0
219549	3.25	0	0	4.75	1.75	2.5	2	3.25	0	0	0
220970	0	0	0	1	0	0	0	0	58	0	3.5
2211108	1	0	0	0	0	1.5	0	2.5	1	1	0
2236726	0.5	0	0	0.5	0.4	0.2	0.5	0.6	0	0	0
2264289	45.1111111111111	0	0	62.1111111111111	40.5555555555556	65.8888888888889	48.5555555555556	38.6666666666667	0	0	0
227112	0.75	0	0	0.5	0	0.75	0.5	0.75	0	0	0
2279387	8.33333333333333	0	0	17	5	12	9	9	0	0	0
2291414	0	15.8333333333333	0.333333333333333	0	1.83333333333333	0	0	0	175.666666666667	0	0
22928	0.2	0	0	0.4	0	0.5	0.3	0	0	0	0
2295957	1.16666666666667	0	0	1.5	0.833333333333333	1	0.833333333333333	2.16666666666667	0	0	0
2295958	1.28571428571429	0	0	1.71428571428571	0.714285714285714	1	3.28571428571429	4.28571428571429	0	0	0
229949	1.75	0	0	1.25	0	0	0	0.5	0	0	0
230114	33.75	0.5	0	51.25	48.25	47.75	49.5	32.75	0.75	0	0
2317377	158.666666666667	0	0	212.5	148.5	189	179.166666666667	147.166666666667	0	0	0
2350254	0.4	0	0	0.2	0.4	0.3	0.6	0.3	0	0	0
236821	0	0	0	3	0	4	0	2	243	2	9
23709	0.666666666666667	1.33333333333333	1.66666666666667	0	0	0	0	0	0	1.33333333333333	0.666666666666667
237945	0	0	0	0	57	0	0	0	3	2	7
238051	0	0	0	0.9	1.1	0.8	0.4	0.8	0	0	0
238205	0	1.08333333333333	0	0	0	0	0.25	0.583333333333333	2	0	0
238660	1.75	0	0	4.5	2.25	4.5	3	3	0	0	0
239506	0	7.75	3.5	0	2.25	0	0	0	86.5	0	2.75
24211	48.3	0	0	73.1	44.9	62	45.9	44.2	0	0	0
243185	0	0	0	0	0	0	0	0	26.7777777777778	0.444444444444444	1.55555555555556
2458172	0	1	2.33333333333333	0	0	2	4.33333333333333	2	4.33333333333333	0	0
2466322	0	2	1.25	0	0	0	0	0	0	0	1.125
2469654	0	1.4	7	0	0	0	0	0	3.4	0	0.6
2480553	0.8	14	40.4	0	0	0	0	0	0	0	0
249740	1	32.5	45.5	0	0	0	0	0	0	335.5	115
249748	0.888888888888889	0	0	2.22222222222222	1	2.44444444444444	2.33333333333333	3.44444444444444	0	0	0
250288	0	6.75	0.5	0	0	0	0	0	14.125	0	0
2503686	0.4	0	0	1	0.8	1.6	2	2	0	0	0
250722	5.8	0	0	6.5	5.2	8.1	6.1	6.7	0	0	0
251317	1.75	0	0	2.75	1	4	2.25	7.5	0	0	0
252101	1	0	0	1.66666666666667	0	2.33333333333333	2	1.33333333333333	0	0	0
252542	0.5	0	0	0.7	0	0.2	0	0.3	0	0	0
2534143	0.4	0	0	0.4	0	0	0.4	0	0	0	0
253429	1.25	0	0	1.25	1.75	1	0.75	1.5	0	0	0
255367	0	0	0	2	1.25	2.25	2.25	1.25	0	0	0
256046	3.33333333333333	0	0	4.16666666666667	2.5	2	1.83333333333333	3.5	0	0	0
256643	0	0	0	0	0	0.666666666666667	1.33333333333333	0	2.33333333333333	0	0
256974	0.3	0	0	0.5	0	0.4	0	0.2	0	0	0
259193	0.555555555555556	0	0	1.11111111111111	1.11111111111111	0.666666666666667	0.888888888888889	0.888888888888889	0	0	0
260900	7.7	0	0	9.1	7.7	10.1	17.1	15.1	0	0	0
261241	0	5.25	1	0	0	0	0	0	2.75	0	0
2613485	0	0	5.66666666666667	0	0	0	0	0	1	1.66666666666667	0
2614328	0	8.85714285714286	340	0	0	0.857142857142857	0	0	1.85714285714286	0	0
264748	0.2	0	0	0.4	0.5	0	0.9	0	0	0	0
2654263	0	10.8333333333333	1.66666666666667	0	0	0	0	0	8.5	1.66666666666667	1.33333333333333
266632	1	0	0	2.2	1	1.8	1	3	0	0	0
269907	0	2876.8	40.6	0	0	0	1.8	0	762.6	500.6	613.4
270598	0.625	0	0	0	0.375	0.5	0.875	0.625	0	0	0
2714267	2.8	96.4	29.8	0	0.8	2	0	0	481.8	0	0
271621	5.8	0	0	7.2	4	7.4	4.8	6	0	0	0
272150	0	0	0.8	0	0	0	0	0	2.8	0.8	0
27227	20.125	0	0	27.625	21.25	28.625	39.625	33.25	0	0	0
273830	2.625	0	0	4.125	2.875	3.5	2.375	2.875	0	0	0
277071	4192.2	0.9	0	5654.3	4288.7	5117.9	4187.1	3125.1	0	0	0
2797395	9.83333333333333	0	0	12.6666666666667	8.5	10.8333333333333	10.3333333333333	9	0	0	0
280459	1.5	0	0	1.66666666666667	1.16666666666667	1.5	1.33333333333333	1.33333333333333	0	0	0
2806353	0.666666666666667	1.66666666666667	0	0	0	1.66666666666667	0	0	2.33333333333333	0	0
284672	1.42857142857143	0	0	1.28571428571429	0	1.14285714285714	1.28571428571429	1.57142857142857	0	0	0
285497	0	0	5.5	2	1.5	1.5	1.5	0	1	0	0
2862781	0	2.33333333333333	2.33333333333333	0	0	0	0	0	0.666666666666667	3.16666666666667	0.833333333333333
287032	1	0	0	1	0	1.16666666666667	0.666666666666667	0.333333333333333	0	0	0
2874742	16.4	0	0	25.5	15.3	24.7	43.7	34.2	0	0	0
287559	1.9	0	0	1.6	1.6	1.6	1.3	1.3	0	0	0
287657	0.5	0	0	0.6	0.8	0	0.3	0	0	0	0
288040	1.1	0	0	1.6	1.8	2.3	1.9	1.4	0	0	0
288283	0	0	0	1.5	0	1.5	0	1	0	0	0
289933	0.5	0	0	0.666666666666667	0.666666666666667	0	0.666666666666667	0.333333333333333	0	0	0
2901960	0	0.714285714285714	1.14285714285714	0	0	0	0	0	0	0.285714285714286	0
2901965	1.75	3.5	0	0.5	0	0	0	0	0	0	0
290799	24.4	0	0	38.2	27.5	34.2	34.3	30.2	0	0	0
291149	1	0	0	0.4	0	1	2.4	1	0	0	0
291510	17.4	0	0	27.8	17.2	18.6	18.8	12.4	0	0	0
291933	22.9	0	0	26.6	20.6	20.7	18.6	14.8	0	0	0
29253	0.375	0	0	0.875	1.125	0.875	0.5	0.75	0	0	0
2930734	0	12.75	0	0	0	0	0	0	4.5	5.75	0.5
294254	0.4	0	0	1.4	0	0.6	0.4	1.4	0	0	0
294618	0.333333333333333	0	0	1.16666666666667	0	0	1	1.16666666666667	0	0	0
295031	3	0	0	7	2.8	2.8	2.8	1.6	0	0	0
297399	2.7	0	0	3	2.4	2.1	2.6	2.3	0	0	0
298813	6.75	0	0	4.75	3.25	3.75	3.5	4.5	0	0	0
298853	0.2	0	0	0.2	0	0.3	0.3	0	0	0	0
299659	0	0	0	0.8	0.4	1.4	1.4	0	0.4	0	0
301350	1.25	0	0	1.5	0.75	1.125	1.625	0.625	0	0	0
301677	0.4	0	0	0.6	0.7	0	0.3	1.1	0	0	0
302883	1	0	0	1.83333333333333	1.83333333333333	0.666666666666667	0	1.33333333333333	0	0	0
302965	0.333333333333333	0	0	0	0.666666666666667	0.444444444444444	0.333333333333333	0.222222222222222	0	0	0
3057707	0.6	0	0	0	0	1	0.6	0.4	0	0	0
3092911	0	2	1.33333333333333	0	0	1	0.666666666666667	0	2.66666666666667	0	1
311522	4.83333333333333	0	0	8	5.66666666666667	7.33333333333333	6	10.6666666666667	0	0	0
316515	5.5	0	0	7.16666666666667	5.83333333333333	5.5	7.66666666666667	6	0	0	0
316924	0	7.8	0	0.8	1.2	0	0	0	28.2	0	0
317522	46.6	0	0	67.6	46.8	69.6	55.4	56.4	0	0	0
318763	32.6	0	0	44	27.4	35.2	29.2	28.6	0	0	0
321618	0.6	0.2	0	1.4	1	1.1	0.7	0	0.3	0	0
32546	0	12	8	0	0	0	0	0	5	0	0
325650	0.333333333333333	0	0	0.666666666666667	0.666666666666667	0.5	0.5	0.666666666666667	0	0	0
328727	0	0	0	0.5	0.5	0.5	0.5	0.833333333333333	0	0	0
3290764	0	0.666666666666667	0	0.666666666666667	0	0	0	1	0	0	0
331697	4	3	0	969	18	439	4	219	48015	192	1715
331738	168	0	0	205.75	171.75	202	186.25	120.5	0	0	0
332557	9	0	0	9.25	5.25	7.75	10.75	9.25	0	0	0
333782	0.833333333333333	0	0	2.16666666666667	1.66666666666667	0.833333333333333	2	2.33333333333333	0	0	0
338140	0	0	0	0.75	0	1	0	0.75	0	0	0
338200	187.833333333333	0	0	275	184.166666666667	226.5	198.166666666667	167	0	0	0
338267	1.6	0	0	4.1	1.2	1.3	1.5	2.3	0	0	0
339015	1	0	0	0	0.666666666666667	1	0.666666666666667	0	0	0	0
341094	61.8	0	0	89.2	50.2	67.8	61.4	63	0	0	0
341460	3.66666666666667	691.5	512.333333333333	0	2.33333333333333	0	0.666666666666667	0.5	199	707.166666666667	135.166666666667
342096	18	0	0	29.75	15.75	19	24.25	23.75	0	0	0
342427	1.2	48.6	91.8	0	0	0	0	0	0	1.2	0
343273	0.5	0	0	1.33333333333333	1	1.66666666666667	0.5	0.833333333333333	0	0	0.333333333333333
344495	1.22222222222222	0	0	1	0.777777777777778	0.777777777777778	0.777777777777778	0.666666666666667	0	0	0
344654	0.3	0	0	0	0.4	0	0	0.3	0	0	0
3453734	0	0	0	0	0	0.5	0.333333333333333	0.5	0	0	0
345575	0.4	0	0	0.4	0.8	1.4	1	1.2	0	0	0
3462224	0	0.333333333333333	0	0	0	0	0	0	0.333333333333333	0.833333333333333	0
348806	0	0	0	0	0.285714285714286	0.428571428571429	0	0	4	0	0
350973	0.3	0	0	0.5	0.6	0.4	0.5	0.9	0	0	0
353616	0.9	0	0	1.9	0.5	0.6	1.4	1.9	0	0	0
3537764	0	1	0.5	0	0	0	0	0	0.375	0	5.625
3539658	24.9	0	0	31.5	21.9	26.4	25.6	19.8	0	0	0
354004	0.333333333333333	0	0	0.666666666666667	0.333333333333333	0.333333333333333	0	0.333333333333333	0	0	0
355695	23.3333333333333	0	0	34.8333333333333	24	32.6666666666667	28.1666666666667	30.6666666666667	0	0	0
357169	9.33333333333333	0	0	9.55555555555556	8.33333333333333	8.88888888888889	8.44444444444444	9.44444444444444	0	0	0
359750	0	0	0	0.75	1.25	1.5	1.25	0.5	0	0	0
36125	7.375	0	0	12	8.75	10	8.75	8.375	0	0	0
361710	5.77777777777778	0	0	10.5555555555556	5.11111111111111	7.66666666666667	5.88888888888889	7.55555555555556	0	0	0
363305	24.5	0	0	34	18.75	39.5	44	29.75	0	0	0
366926	5.7	0	0	8.3	6.9	7	14.7	10.7	0	0	0
3678349	0	14.5	20.5	0	0.5	0	0	0	68.75	0.75	1.5
3697034	14.8333333333333	0	0	23.8333333333333	17.5	18.5	16.8333333333333	13.6666666666667	0	0	0
371295	1.5	0	0	0.833333333333333	0.833333333333333	0	1.33333333333333	0	0	0	0
3773438	6.7	0	0	8.6	7.7	8.9	12	11.3	0	0	0
377546	10.5	0	0	8.5	8.5	6.5	9	7	0	0	0
3801267	0	2.2	0	0	0	0	0	0	0.8	0	0.4
38098	0.222222222222222	0	0	0.222222222222222	0	0	0	0.222222222222222	0	0	0
3816676	0	0	0	0.75	0	0.25	0.25	0.875	0	0	0
3825935	0	0	0	0	0	0	0	0	35.2	3	11.4
3931	0	0.666666666666667	1	0	0	0	0	0	0.666666666666667	0	0
3944484	7	0	0	11.2857142857143	6.57142857142857	9.57142857142857	7.85714285714286	5.42857142857143	0	0	0
398350	0	0	0	0.8	0.6	0.4	0.6	0	0	0	0
398604	0.333333333333333	0	0	0.833333333333333	0.333333333333333	0	1	0.5	0	0	0
401193	0	5	3.5	0	0	0	0	1	11	0	1
405425	0.8	1	1	0	0	1.2	0.8	1.6	0	0	2
4128270	0.833333333333333	0	0	0.666666666666667	0.333333333333333	1.5	3.16666666666667	1.83333333333333	0	0	0
4213913	0	2.5	0	0	0	0	0	0	0	3	1
422295	0.25	3	11.375	0	0	0.375	0	0	11	0	0
4225932	7	0	0	6.75	7.5	5.5	5.625	3.5	0	0	0
4235445	1.16666666666667	0	0	0.333333333333333	1	0.333333333333333	1.16666666666667	1.33333333333333	0	0	0
42538	0	0	17	0	0	0	0	0	0	81.5	56
425721	0	0	0	0.428571428571429	0	0	0	0	27.7142857142857	0	0.714285714285714
425968	0	0	0	0	0.333333333333333	0.5	0.5	0	0	0	0
4273894	0.75	0	0	3.75	2.25	1	1.75	5.5	0	0	0
4294655	0	0.333333333333333	0.5	0	0	0	0	0	0	3.33333333333333	4.33333333333333
4295725	15.8	0	0	17.2	11.8	14	20	15.6	0	0	0
4295763	0	10.6666666666667	6	0	0	0	0	0	2.33333333333333	9.66666666666667	2
4296080	0.333333333333333	7	5.16666666666667	0	0	0	0	0	1.83333333333333	7.83333333333333	1.33333333333333
4297332	0	4.66666666666667	1.33333333333333	0	0	0	0	0	6.66666666666667	1.33333333333333	1
4298291	0	0	20.5	0	0	0	0	0	0	1.25	2.75
4298633	0	7	29.75	0	0	0.5	0	0	5.75	23.25	9.75
4298791	0	4.2	7	0	0	0	0	0	0.4	0	0
4298899	0	1	0	0	0	0	0	0	1.66666666666667	1	1.33333333333333
4299087	1	1	2	0	0	0	0	0	1.5	94.5	41.75
4300777	0.75	129	33.75	0	0	0	0.5	0	7.25	2.75	0.75
4301566	0	0	0.5	0	0	0	0	0	0.5	0.5	0
4302049	0	0.8	0	0	0	0	0	0	2	0.6	0
4303114	0	2	1	0	0	0	0	0	0	0.5	0
4303191	0	2.75	0	0	0	0	0.5	0	1.5	0	0
4303759	0	49	165.666666666667	0	0	0.666666666666667	0	0	5.33333333333333	2	1.33333333333333
4303858	1	0	0	0	0	1	0	1	0	0	0
4304901	0	14	16	0	1.25	0	0	0	2.25	130	121.75
4305062	0	0	0	0	0	0	0	0	5.33333333333333	2.33333333333333	5
4305793	0	14.5	0	0	0	0	0	0	9.66666666666667	1.66666666666667	2.5
4305837	0.5	0	0	0.5	0	1	0.5	1	0	0	0
4305935	0	11.25	0.5	0	0	0	0	0	0.75	0.5	0
4306157	0	0.833333333333333	0.666666666666667	0	0	0	0	0	0.666666666666667	0.666666666666667	0.5
4306203	0	0	0	0.875	0	0.875	0.375	0	0	0	0
4307078	0.666666666666667	3.33333333333333	3	0	1.66666666666667	15.3333333333333	0	0	81	3.33333333333333	0
4307347	0.4	2	6.2	0	0	1.4	3.2	0.6	6.6	0.4	0.6
4307464	0	36	2	0	0	0	0	0	0	1	0
4308213	0	4.4	10.6	0	0	0	0	0	0.4	0.8	1
4308270	2.75	1.75	758.75	0	1.75	0	0	0	1026.5	964.25	993.75
4309088	0	0	1	0	0	0	0	0	0	1	3.33333333333333
4309301	0	1.5	0.5	0	0	0	0	0	1.5	0.75	0.5
4309323	0	2.5	2	0	0	0	0	0	0.666666666666667	0.833333333333333	0.5
4309708	2.2	0	0	3.4	2.1	3.3	2.3	2.9	0	0	0
4309764	0	0.5	1	0	0	0	0	0	1.75	1.75	1
4310024	0	3.5	3.16666666666667	0	0	0	0	0	19.3333333333333	0	0
4310208	0	480.8	5.4	0	0	0	0	0	14.6	6.4	22.2
4310395	0	1.75	3.25	0	0	0	0	0	14.75	4	42.25
4310396	0.8	7.8	16.8	0	0	0	0	0	16.8	1.6	29.4
4310398	0	2.5	0	0	0	0	0	0	39.75	0	0.5
4310829	0	0	0.666666666666667	0	0	0	0	0	1.33333333333333	0	1
4311177	1.1	0	0	1.2	1.4	2.6	8.8	3.6	0	0	0
4312886	0	2.5	2.25	0	0	0	0	0	8	2	0
4314141	0	5.33333333333333	0	0	0	0	0	0	2.16666666666667	0.333333333333333	0.5
4314749	0	2	3.33333333333333	0	0	1.66666666666667	0	0	283.666666666667	117.333333333333	222.666666666667
4315066	0.666666666666667	0.666666666666667	0	0	0	0.833333333333333	0	0	0	0.5	0.666666666666667
4315605	0	1.33333333333333	0	0	0	0	0	0	1	0	0.666666666666667
4316157	0	0.5	1.33333333333333	0	0	0	0	0	0.666666666666667	17.6666666666667	12.1666666666667
4316566	0.833333333333333	0	0	1.83333333333333	0.833333333333333	1.66666666666667	1	0.333333333333333	0	0	0
4316928	1	0	0	0.666666666666667	1	0.833333333333333	0.666666666666667	0.333333333333333	0	0	0
4317730	0	0	0	3	0	0	0	0	89	0	2
4318122	0	1.8	0.4	0	0	0	0	0	0	2.2	0
4318130	0	1.66666666666667	0	0	0	0	0	0	2.66666666666667	0	0.333333333333333
4318284	1.33333333333333	4.66666666666667	0	0	4	0	0	0	89	0	0
4318352	0	27.6666666666667	5.66666666666667	0	0	1.33333333333333	0	0	33.6666666666667	12.6666666666667	6.66666666666667
4318671	0	0.6	2.2	0	0	0	0	0	0	0.4	0.6
4318869	0	0.4	1.2	0	0	0	0	0	1	1.2	0
4318872	0	6.33333333333333	0	0	0	0	0	0	4.83333333333333	0.333333333333333	0.333333333333333
4318935	0	0	0	3	0	2	0	0	99	0	5
4319637	7.9	0	0	13.3	8.6	12.1	8.9	7.3	0	0	0
4320462	0	49	22.3333333333333	0	0	2	0	0	57.3333333333333	34.3333333333333	16
4320513	0	1.5	4	0	0	0	0	0	11.5	4.75	8.5
4320547	0	0	0	0	0	0	0	0	26.6666666666667	14	23.3333333333333
4320756	0	1.5	0.5	0	0	0	0	0	0	0.5	0
4321176	0	0	0	0.75	0.25	0.625	0.5	0.625	0	0	0
4321396	0	1.25	0	0	0	0	0	0	0.5	0	5.25
4321398	0	24.75	1.75	0	9.75	0	0	0	5	70.75	231.5
4321400	0	1.5	1.25	0	0	0	0	0	4.75	4.25	0.75
4322311	0	0	9.25	0	0	0	0	0	0	38.5	17
4323393	0	2	0.333333333333333	0	0	0	0	0	0.333333333333333	0.833333333333333	0
4323397	0	0.666666666666667	0	0	0	0.666666666666667	0	0	1.83333333333333	4.16666666666667	7.5
4323865	2.22222222222222	0	0	0.666666666666667	1.11111111111111	1.88888888888889	1.66666666666667	0.222222222222222	0	0	0
4324467	0.75	63.5	10.75	0	0.75	0	0	0	260	2.5	5.25
4325275	0	2.2	0.8	0	0	0	0	0	20.8	1.2	0
4326277	0	0.75	1.5	0	0	0	0	0	6.75	3.5	6.25
4326406	0	2.25	0.5	0	0	0	0	0	5.25	1.25	0
4326635	0	3.33333333333333	1.66666666666667	0	0	0	0	0	4.66666666666667	2.33333333333333	1
4326647	0	0	0.666666666666667	0	0	0.666666666666667	0	0	22	2.66666666666667	12.6666666666667
4326857	0	1.66666666666667	3.66666666666667	0	0	2	0	0	217.333333333333	59.6666666666667	170
4328040	0	0.333333333333333	0.333333333333333	0	0	0	0	0	0	6	4.5
4329788	0	8.75	1.25	0	0	0	0	0	0	0	3
4330324	0	19.5	0	0	0	0	0	0	13.3333333333333	0.333333333333333	0.833333333333333
4330572	0	1.5	11.75	0	0	0.5	0	0	0	5	2.5
4330849	0	38.5	5	0	0	0	0	0	1	107	39
4331090	0	0	0	0	0.75	0.5	0.75	0	0	0	0
4331858	0	0.666666666666667	1.66666666666667	0	0	0	0	0	1	0	0
4331876	0.6	0	0	1.4	0.8	1	0.3	0.5	0	0	0
4331976	332.444444444444	0.333333333333333	0	466	317.555555555556	467.111111111111	377.333333333333	262.333333333333	0	0	0
4332410	0	1.25	5.25	0	0	0	0	0	8.75	2.5	0.5
4333020	0	0	0	7	0	0	0	0	97	0	6
4333556	3.4	0	0	3.3	2.5	5.1	5.2	4.4	0	0	0
4334748	0.833333333333333	1.5	1.66666666666667	0	0.333333333333333	2.5	0	0	0.333333333333333	28	18
4335432	0.3	0	0	0.3	0.2	0.7	0.2	0.2	0	0	0
4335436	0.2	0	0	0.5	0.5	0	0	0	0	0	0
4335578	0	6.375	4.375	0	0	0	0	0	1.875	1.625	1.75
4335776	39.5	75.5	193.166666666667	0	8.66666666666667	81.8333333333333	0	0	35	2243.33333333333	1499.16666666667
4335864	0	6.16666666666667	0	0	0	0	0	0	3.66666666666667	0	0.333333333333333
4337090	0	2	0.8	0	0	0	0	0	2.6	3.2	0
4338062	0	0	0	0	0.3	0.3	0.2	0.4	0	0	0
4338372	0	8.5	180	0	0	0	0	0	128.75	1.5	1.75
4338512	0	15.25	5.25	0	0	0	0	0	57.25	1.5	4.25
4340137	0	0.75	0.75	0	0	0	0	0	0	2.75	7
4340454	0	2	10.6666666666667	0	0	0	0	0	12.6666666666667	0.666666666666667	0
4340587	0	1	0	0	0.666666666666667	0	0	0	1	0	0
4340653	0.666666666666667	16	3.33333333333333	0	0	14.6666666666667	0	0	12.6666666666667	15.3333333333333	8
4341205	0	28.5	0	0	0	0	0	0	0.5	0	3.5
4344483	1	0	0	0.666666666666667	0	0.666666666666667	0	0	0	0	0
4344753	1.8	0	0	1.7	1.1	0.8	1.5	1	0	0	0
4346722	0	1	0.8	0	0	0	0	0	4.8	1.8	1
4346977	0	1	0.75	0	0	0	0	0	2	1.25	0
4352233	0	0	0	0	0	0.5	0.833333333333333	0.833333333333333	0	0	0
4352493	0	2.66666666666667	2	0	0	0	0	0	3.33333333333333	1	0.666666666666667
4356465	0	0	0.333333333333333	0	0	0	0	0	0	6	4.5
4362073	0	2	12.6666666666667	0	0	0	0	0	0.666666666666667	0	0
436314	2	0	0	1.66666666666667	1	1.66666666666667	1.33333333333333	3.66666666666667	0	0	0
4364652	0.6	0	0	1.4	2	0.6	2.8	2	0	0	0
4365141	13.25	0	0	21	14	20.5	22	16.75	0	0	0
4366060	0	0.5	0	0	0	0	0	0	1	0.5	0
4366522	0	0	0	0	0	0	0	0	2.33333333333333	1.66666666666667	4.66666666666667
4369714	30.375	0	0	44	33.125	45.875	26.75	28.875	0	0	0
4375597	0	0	0	0.333333333333333	0.444444444444444	0.444444444444444	0.888888888888889	0.555555555555556	0	0	0
4375688	0	0.666666666666667	4.33333333333333	0	5.33333333333333	0	0	0	0	0	0
4376251	0	0	0.666666666666667	0	0	0	0	0	12	2.66666666666667	24.3333333333333
4377418	1.28571428571429	5.28571428571429	13	0	1.28571428571429	0.428571428571429	0	0	13.4285714285714	0.428571428571429	0.428571428571429
4381875	8.7	0	0	13.1	9.7	10.7	9.8	10.8	0	0	0
4381878	0.3	0	0	0.3	0.4	0.2	0.2	0	0	0	0
4383963	0.857142857142857	14.2857142857143	22.4285714285714	0	0.714285714285714	0	0	0	0.857142857142857	0	0.285714285714286
4386030	0.2	0	0	0.5	0.2	0.8	0.3	0	0	0	0
4389141	0.8	0	0	0.8	0.7	0.6	0.5	1.3	0	0	0
4391542	6	79.4285714285714	81.1428571428571	0	5.14285714285714	1.28571428571429	0	0	3.71428571428571	0	0.428571428571429
4392350	0	1.25	0	0	0	0	0	0	0.5	2.25	0
4393019	0	0.75	1.25	0	0	0	0	0	1.25	0	0
4393181	0	0	0	0	0	0	0	0	1.5	29	142
4394095	0	20	26.3333333333333	0	0	0	0	0	5	0	1
4396401	0.2	0	0	0.4	0.2	0.6	1.1	0.7	0	0	0
4397076	0.9	0	0	1.5	0.6	0.9	0.5	0.9	0	0	0
4397570	0.2	0	0	0	0.2	0.5	0.3	0	0	0	0
4399781	0	4.75	0.75	0	0	0	0	0	0.5	0	0
4401186	1	12.3333333333333	1.33333333333333	0	0	0	0	0	10.3333333333333	0	0
4401816	0	0	0	3	1.75	2.5	1.75	1.5	0	0	0
4403542	0	0	0	0.285714285714286	0	0	0	0	7	0	0.285714285714286
4404220	3.33333333333333	9.16666666666667	314.333333333333	0	0	0	0	0	0	15	0.333333333333333
4404222	0.5	0	17.75	0	4.5	0	0	0	1.75	104.25	143.25
4407604	2	0	0	3.33333333333333	2.33333333333333	1.83333333333333	3.16666666666667	1.33333333333333	0	0	0
4408040	0.444444444444444	0	0	0.555555555555556	0.555555555555556	0.888888888888889	0.555555555555556	0.666666666666667	0	0	0
4409545	0	1	0	0	0	0	0	0	0.666666666666667	0.666666666666667	1
4416610	2.1	0	0	2.1	3	2.7	2.7	2	0	0	0
4416763	0	3	118	0	0	0	0	0	0	0	0.75
4417053	0	6.16666666666667	4.66666666666667	0	0	0	0	0	1.66666666666667	3.5	1.66666666666667
4417749	0	3.25	0	0	0	0	0	0	0	1.5	0.5
4420474	0.333333333333333	7.16666666666667	2.83333333333333	0	0	0	0	0	2.33333333333333	3.16666666666667	1
4420565	0.333333333333333	0	0	0.777777777777778	0.666666666666667	1	0.222222222222222	0	0	0	0
4422456	0	0.4	0	0	0	0	0	0	1.2	2.6	0.8
4422794	2	0	0	3.2	1.6	1.8	2.4	2.2	0	0	0
4423422	4.1	0	0	6.2	4.5	6.3	5.2	2.7	0	0	0
4424239	0	0	0	0	0	1.2	0.8	0.4	0	0	0
4426258	4.44444444444444	0	0	8.66666666666667	6	9.55555555555556	7.77777777777778	6.66666666666667	0	0	0
4427030	0	4.5	4.16666666666667	0	0	0	0	0	3.16666666666667	45.5	6.66666666666667
4428177	0	0	0.833333333333333	0	0	0	0	0	0	4	2.83333333333333
4429771	3	0	0	1.66666666666667	2.33333333333333	1.66666666666667	1	0	0	0	0
4430639	0	5	1	0	0	0	0	0	1.5	5.66666666666667	0.5
4430952	12.3333333333333	0	0	19.6666666666667	11	14.6666666666667	14.3333333333333	18.6666666666667	0	0	0
4431922	0	0.6	0.4	0	0	0	0	0	0.6	0	0
4431938	0.333333333333333	0.833333333333333	0.333333333333333	0	0	0	0	0	0.333333333333333	10.6666666666667	4
4435013	2.44444444444444	0	0	3.33333333333333	2.66666666666667	3.88888888888889	2.77777777777778	2.88888888888889	0	0	0
4438545	1	0	0	0	1	0	2	0	0	0	0
4440187	0	8.25	1	0	0	0	0	0	0	3	0.5
4443276	0	0	0	1.25	0	0.75	0.5	0	0	0	0
4443574	0	3.83333333333333	0	0	0	0	0	0	2.16666666666667	0	0.5
4446902	0	0.5	0.5	0	0	0	0	0	1.75	0.5	0.75
4448497	0	78.6	11.8	0	0	0	0	0	312.8	0	0
4449250	0	7.25	0	0	0	1.75	0	0	32.5	0	0
444962	159.9	0.4	0	227.8	164.8	192.9	184.5	175.6	0	0	0
4449851	0	0	0	4.5	0.333333333333333	1.33333333333333	0	1.16666666666667	88.8333333333333	0	6
4451251	2	5	22	0	2	0	0	0	0	23	175
4451252	0	0	16.75	0	0	0	0	0	3.75	15.25	14.25
4451646	1.5	620.25	113.25	0	0	0	0.75	0	34.75	308.25	86.25
4452613	0	0	0	3	0	2	0	0	102	0	2
4454140	534.1	0	0	706.8	551.8	736.7	518	414.8	0	0	0
4454317	1	0	0	2.11111111111111	0.666666666666667	0.888888888888889	1	0.333333333333333	0	0	0
4454356	0	24.6666666666667	133.666666666667	0	0	80.6666666666667	0	0	5053.66666666667	1119	5339
4455861	0.5	0	0	0	0.333333333333333	0.333333333333333	0	0	0	0	0
4456889	3.33333333333333	0	0	3.66666666666667	4	4.33333333333333	4.33333333333333	4	0.333333333333333	0	0
4456891	5.16666666666667	0	0	7.83333333333333	5.66666666666667	6.83333333333333	4.66666666666667	6.83333333333333	0	0	0
4459265	0	21.6	0.6	0	0	1	0	0	0.4	0	0
4459634	0	0.166666666666667	0	0	0	0	0	0.666666666666667	0.416666666666667	0	0
4460404	0	0	0.5	0	0	0	0	0	0	0.5	1.5
4462083	0	0.5	1	0	0	0	0	0	0.75	0	0
4463224	0	0	0	0.6	0.2	0.5	0.9	1	0	0	0
4465204	0	2	0.8	0	0	0	0	0	6	0	0
4465561	0	0	3.5	0	0	0	0	0	0.75	4.25	3.5
4466150	1.5	0.833333333333333	1.66666666666667	0	0.333333333333333	1.16666666666667	0	0	0	24.1666666666667	16.8333333333333
4466616	0	2.5	0.666666666666667	0	0	0	0	0	1	2.16666666666667	0
4468805	36.2	0	0	56	33.4	49.6	34.4	43.8	0	0	0
4469833	0	0	0	0.4	0.2	0	0.2	0.2	0	0	0
4469960	0.6	0	0	1.2	0.8	0.8	0.6	1	0	0	0
4471251	0	20	0	0	0	0	0	0	14.3333333333333	0	0.5
4473129	0	16.1666666666667	0.5	0	0	0	0	0	1.16666666666667	17.8333333333333	4.5
4473158	0.5	0	0	0.875	0.75	0.5	0.5	0.25	0	0	0
4477199	1.5	0	0	1	0	2	2	0	0	0	0
4477551	52.5	0	0	67.125	48.625	63.25	47	30.75	0	0	0
4477696	0	9.16666666666667	7.66666666666667	0	0	0	0	0	2	12.1666666666667	1.33333333333333
4477910	0	0	1.33333333333333	0	0	0	0	0	26.6666666666667	8.66666666666667	28
4479043	2.25	1.75	1.25	0	0	0	0	0	4.5	0.5	0
4479467	0	0	0	1	0	1	2	0	0	0	0
4479989	0	0.75	0	0	0	0	0	0	1.5	0.5	0
4481455	0	14.25	1.75	0	0	0	0	0	1.5	8	1.5
4482944	22.8	0	0	28.2	18.6	38.4	29.4	25.2	0	0	0
4483006	138.6	0.2	0	189.1	124.9	170	142.4	144	0	0	0
457044	0.2	0	0	0	0.6	0.2	0.2	0.3	0	0	0
48390	0	0	0	0.25	0.375	0.375	0.375	0.625	0	0	0
509516	0.833333333333333	0	0	0.833333333333333	0	0.333333333333333	0.833333333333333	0.5	0	0	0
51114	2.4	0	0	4.6	3	2.4	5.6	4.6	0	0	0
511378	0	0	4.2	0.4	10.8	0	0	0	0	0	0
513080	2.8	0	0	3.4	2.8	3.4	10.4	8	0	0	0
513500	9.25	160.25	53.5	6.5	8.75	7.25	6.25	5.5	0	0	0
514981	0	0	0	0.75	0.75	0.5	0	0	0	0	0
516115	12.4	0	0	23.6	15.2	16.4	14.6	11.2	0	0	0
517565	0.5	0	0	0	0	0.5	0	0.5	0	0	0
518743	0	4.4	0	0	0	0	0	0	0.4	0	0.4
522025	0	1.8	1	0	0	0	0	0	3	0.8	0
523025	0	1.5	0.5	0	0	0	0	0	1	0.5	0
524674	0	0.666666666666667	0	0.666666666666667	0.333333333333333	0.5	0	0.333333333333333	0	0	0
525391	0.833333333333333	1.5	0	1.5	0	1	0.666666666666667	0	1.66666666666667	0.833333333333333	0
525942	0	0	2.25	0	1.75	0	0	0	17.5	78	32
526682	0	4	9	0	0	0	0	0	9.66666666666667	1.33333333333333	7.33333333333333
527485	0	6.5	0	0	1	0	0	0	15.5	0	3.5
527630	0	89.75	18.5	0	3.75	1.25	0	0	188.75	7.25	80.25
529233	0	0	0	0	0	0	0	0	1.2	2.8	1.2
530206	0.5	0	1.75	0	4	0	0	0	29	7.25	10.5
532232	4.4	0	0	6.2	4	6.8	6	2.8	0	0	0
533246	383.25	0	0	540	374.25	430	438.25	381.25	0	0	0
534965	0	0	0	0	0	0	0	0	8.57142857142857	0.428571428571429	1.85714285714286
535359	0	0	13.25	0	0	0	0	0	10.25	3.25	3.25
536866	0.5	3.25	0	0	0	1.25	0	0.5	0	0	0
537894	0	9.25	0.75	0	0	0	0	0	3	7.5	3.75
538534	0	0	0	0.444444444444444	0.222222222222222	0.444444444444444	0	0.222222222222222	0	0	0
540940	1	0	0	2.6	2.2	1.2	2.6	1.4	0	0	0
542714	1.1	0	0	0.6	0.4	0.8	1	0.4	0	0	0
543032	0	3.25	64	0	0	0	0	0	7.75	0.5	1.25
543151	5.75	0	0	6	2.5	4	3.75	6.25	0	0	0
543491	1	0	0	1	0	1.66666666666667	0	0	0	0	0
544177	1.5	0	0	1.25	1	0.5	1	2.25	0	0	0
544419	12	0	0	20.4	14.4	18.6	16	20.8	0	0	0
544847	0	0	0	0	4.5	1	4	2.5	0	0	0
545577	0	0	0	0	0	0.222222222222222	0.333333333333333	0.222222222222222	0	0	0
54794	1.5	0	0	2	2.25	1.5	2.5	3	0	0	0
551871	1.7	0	0	3	2.3	2.6	4.3	2.6	0	0	0
552143	0.4	0	0	1.1	0.5	1.2	0.7	1.4	0	0	0
553648	1.16666666666667	0	0	3	0.666666666666667	1.5	3.33333333333333	1.5	0	0	0
555945	0	0	0	1.25	0	1	0.5	0.75	0	0	0
555970	0.2	0	0	0	0.2	0	0.4	0.3	0	0	0
557570	1.4	0	0	0.8	0.8	2.4	2.4	2.6	0	0	0
557665	0	1.75	1	0	0	0	0	0	2.25	0	0
558003	5.83333333333333	0	0	10.1666666666667	5.83333333333333	8.16666666666667	4.5	3.33333333333333	0	0	0
561099	82.5	0	0	129.75	64	84.5	80.25	85.5	0	0	0
562400	1	0	2	0	0	1	0	0	0	0	0
564081	0	0	0	0	0.222222222222222	0.444444444444444	0.333333333333333	0	0	0	0
564290	1	0	0	1.57142857142857	1	1.57142857142857	1.57142857142857	0.428571428571429	0	0	0
564914	0	41.75	31.25	0	0	0	0	0	0.75	0	0
565537	2.8	0	0	2.8	2	3.8	6.2	2.2	0	0	0
56625	9.25	0	0	14.25	7	14.25	11.25	8.5	0	0	0
566717	14.3	0	0	22.9	13.1	16.2	10.1	10.1	0	0	0
566839	0.2	0	0	0.4	0.8	0.9	0.7	0.5	0	0	0
567725	0.222222222222222	0	0	0.222222222222222	0.222222222222222	0.222222222222222	0	0.333333333333333	0	0	0
567864	0.428571428571429	0	0	0.571428571428571	0	1	0.285714285714286	1	0	0	0
567972	1	0	0	1	1.5	0.666666666666667	0.833333333333333	0.666666666666667	0	0	0
568419	2.25	0	0	5	2.25	6	1.25	2	0	0	0
571744	0.8	0	0	0.6	1	1	1.8	1.2	0	0	0
572843	0.5	208.833333333333	39.8333333333333	0	0	6	0.333333333333333	0	103.666666666667	10.5	3.5
573157	4.11111111111111	0	0	6	3.77777777777778	7.11111111111111	2.66666666666667	3.22222222222222	0	0	0
573338	0.8	0	0	1.1	0.9	1.7	1.3	2.1	0	0	0
574102	45	0	0	56.75	35.25	38.5	45.25	45.5	0	0	0
574392	0	0	0	1.28571428571429	0.571428571428571	0.571428571428571	1	0.285714285714286	0	0	0
576007	0.2	0	0	1.1	0.9	0.5	1.3	1.1	0	0	0
578786	0	0	0	0.3	0.2	0	0	0.2	0	0	0
579049	1.125	0	0	2.375	1.625	1.625	1.625	1.375	0	0	0
581042	0.6	0	0	1	0.8	0.6	0.4	1	0	0	0
582083	0	7	3.66666666666667	0	0	0	0	0	4.33333333333333	0	0
584109	0	4.25	0.5	0	0	0	0	0	0.75	2.25	0.5
584241	0	0	0	0	0	0.333333333333333	0.333333333333333	0.333333333333333	0	0	0
584571	0	0	0	0	0.6	0.4	0	0.6	0	0	0
585435	13.25	0	0	14.5	10.5	11.5	19	17.25	0	0	0
586458	0	337	337.25	0	0.75	0	0	0	1002.25	415.25	102.75
587574	16.5	0	0	25.3	18.1	23.7	33.4	28.6	0	0	0
588605	0.6	0	0	0.4	0	0.6	0	0	0	0	0
588755	0.666666666666667	0	0	1.16666666666667	0.333333333333333	0.666666666666667	1.66666666666667	1.83333333333333	0	0	0
590982	2.16666666666667	0	0	2.5	1.16666666666667	3.5	2.83333333333333	0.666666666666667	0	0	0
591482	2	0	0	2.8	2.3	3.3	1.7	1.7	0	0	0
591642	4.8	0	0	7.3	4.8	6.7	4.4	4.3	0	0	0
591907	25	0	0	35.8	25.8	36.1	37.7	32.2	0	0	0
592849	0	0	0	0	0.2	0.2	0.4	0	0	0	0
593219	1.5	0	0	2.8	2.3	2.4	2.3	2.2	0	0	0
605266	2.8	0	0	2	1.2	1.6	5.6	5.6	0	0	0
606419	0.7	0	0	1.6	0.7	1.1	1.5	0.4	0	0	0
608710	0	0	0	0	0.6	0.4	0.4	0	0	0	0
610418	0.5	0	0	1	0	0.5	0.5	0.5	0	0	0
611110	0	15.25	56.75	0	0	0	0	0	13	1.75	4.25
614182	0	0	0	2.33333333333333	0	0.5	0	0.5	0	0	0
615020	0	1.5	9	0	2	1	0	0	2.5	6	1
622288	2.625	0	0	5.375	3.375	5.25	4.75	3.625	0	0	0
63015	0	3	2.66666666666667	0	0	0	0	0	1	1	0
636827	0.2	0	0	0	0	0	0.3	0.3	0	0	0
637421	0	0	0	0.2	0.2	0.2	0	0.3	0	0	0
643177	0.4	0	0	0.2	0	0.2	0.3	0.4	0	0	0
644728	1.5	0	0	2.25	0.5	1.5	0	0.75	0	0	0
644991	0.3	0	0	0.3	0	0	0	0.4	0	0	0
646549	2.5	0	0	3.66666666666667	2.33333333333333	3.66666666666667	4.16666666666667	2.16666666666667	0	0	0
648854	0	0	0	0.2	0.2	0.3	0	0	0	0	0
656443	1.7	0	0	2.6	2.4	1.6	4.4	3.9	0	0	0
662974	1.66666666666667	0	0	0.666666666666667	0	0	0	0.666666666666667	0	0	0
668514	0	0	0	1.5	0	0	0	0	135.5	1	2
672839	0.2	0	0	0.5	0.2	0	0	0	0	0	0
674056	2.33333333333333	0	0	0.666666666666667	1.33333333333333	1.66666666666667	0	0	0	0	0
680750	1.75	0	0	4.25	2	2.75	5	2.5	0	0	0
681779	0.285714285714286	0.857142857142857	0	1	0.428571428571429	0.857142857142857	0.285714285714286	0.428571428571429	54.4285714285714	0.285714285714286	1.14285714285714
697578	4.44444444444444	0	0	7.55555555555556	3.77777777777778	3.88888888888889	5.88888888888889	5.88888888888889	0	0	0
699027	5.5	0	0	8.83333333333333	2.83333333333333	6	7	4.16666666666667	0	0	0
701818	0.7	0	0	1.3	0.9	1.4	0.7	0.4	0	0	0
70512	10.3333333333333	170.5	44.5	0	0	0	0	0	0	330	22.1666666666667
70580	0	1.83333333333333	0	0	0	0	0	0	0	2.33333333333333	0.333333333333333
71146	0	8.66666666666667	15	0	0	0	0	0	3.66666666666667	0	0
711843	0.5	0	0	0.333333333333333	0	0.833333333333333	0.833333333333333	0.333333333333333	0	0	0
716006	1	0	0	0.8	0	0	0.6	0	0	0	0
71957	0	1.5	1.25	0	0	0	0	0	0	5.5	1.75
724271	0.7	0	0	1.2	1.3	0.5	0.9	0.7	0	0	0
73609	0.4	0	0	2	3.4	1.4	1.2	0.8	0	0	0
744371	54	0	0	81.3333333333333	60.5	66.5	69	54.6666666666667	0	0	0
746436	0	0.666666666666667	2	0	0	0	0	0	0.666666666666667	0	2.33333333333333
749837	0	47.25	8.25	0	3.5	0	0	0	127.75	13.5	10.5
751207	0	2.66666666666667	1	0	0.666666666666667	0.666666666666667	0	0	2	0	0
759349	0	0	0	1.83333333333333	0.333333333333333	0.333333333333333	0.333333333333333	0.333333333333333	0	0	0
759378	4.77777777777778	0	0	4.22222222222222	2.88888888888889	4.88888888888889	3.55555555555556	2.33333333333333	0	0	0
764682	0.5	0	0	1.16666666666667	0.5	0.333333333333333	0	0	0	0	0
767863	42.3333333333333	0	0	64	41.8333333333333	50.6666666666667	40.3333333333333	37.8333333333333	0	0	0
772515	0.333333333333333	0	0	0	0.333333333333333	0	0.5	0.333333333333333	0	0	0
776980	0	0	0	5.16666666666667	0	2.33333333333333	0	1.33333333333333	17.8333333333333	0.333333333333333	1.16666666666667
777667	0.75	0	0	2.5	2.25	1.75	2	1.25	0	0	0
780555	9.25	0	0	19	9.25	17.75	12.75	12.5	0	0	0
7821	1	0	0	1	0.666666666666667	0	0	0.666666666666667	0	0	0
787663	0	0.625	1	0	0.25	0	0	0	0	0	0
799884	0	7.5	4.5	0	0	0	0	0	55.75	3.25	2.25
801579	0	0	0	0	0.3	0.2	0.5	0	0	0	0
806347	0.3	0	0	0.3	0.3	0	0	0	0	0	0
80664	19	0	0	28.5	16	24	25.25	18.5	0	0	0
810399	1.5	0	0	3.16666666666667	1.16666666666667	1.66666666666667	0.833333333333333	0.333333333333333	0	0	0
811179	0.3	0	0	0.3	0	0	0.2	0.4	0	0	0
811257	11	0	0	5.5	7	13.5	7	7.5	0	0	0
812851	3	0	0	3.83333333333333	2	1.66666666666667	3.16666666666667	3.33333333333333	0	0	0
812902	0	0	0	0	0.4	0.6	0.4	0	0	0	0
813217	0	0	0	40	0	7	0	9	162	0	6
816470	8.6	0	0	13.6	6.7	12	13.3	13.2	0	0	0
816529	16.5	0	0	28.75	14	18.25	30.75	26.25	0	0	0
816702	0	0	0	0	0	0	0	0.285714285714286	19	0	1.57142857142857
817176	3.75	0	0	2	1.25	1.25	1.25	2	0	0	0
817507	0	0	0	1.66666666666667	0	0.666666666666667	2	0	0	0	0
818052	4.2	0	0	5.2	3.4	4	5.2	5.4	0	0	0
818468	0.4	0	0	0	0.4	0.8	0.4	0	0	0	0
819999	0	0	0	1	0	0	0	0.333333333333333	8	0	0.5
821562	0.75	0	0	0.5	0	0.5	0	0	0	0	0
823036	6.33333333333333	0	0	7.22222222222222	4.77777777777778	5	4.11111111111111	3.66666666666667	0	0	0
823690	0.4	0	0	0	0	0.8	0.2	0	0	0	0
825661	0	0	0	0	0	0.8	0.4	1.2	0	0	0
828667	8.25	0	0	7.75	4.25	8.25	12	6.75	0	0	0
831178	0	0	0	0	0	0.5	0.5	0	0	0	0.5
831834	0.2	0	0	0.6	0.3	0.6	0.2	0.2	0	0	0
833022	0.6	0	0	1.2	0.6	0.9	1.4	0.5	0	0	0
834767	1	0	0	2.71428571428571	0.571428571428571	1.71428571428571	1.57142857142857	1.28571428571429	0	0	0
836094	9.3	0	0	10.5	10	8.6	9.6	6.4	0	0	0
838207	0	0	0	1	1.33333333333333	2	1	1.66666666666667	0	0	0
839152	0	0	0	0	0.333333333333333	0.333333333333333	1.33333333333333	0	0	0	0
840291	3.16666666666667	1	0	4.5	5.66666666666667	6.16666666666667	6.16666666666667	5.83333333333333	1.83333333333333	0	0
840905	0	2	1.33333333333333	0	0	0	0	0	4.33333333333333	0	0
851704	0	4.57142857142857	30.7142857142857	0	0	0	0	0	6.57142857142857	0	0
851824	0	1.66666666666667	9.33333333333333	0	0	0	0	0	91.6666666666667	0	13.6666666666667
851938	2	26.3333333333333	24.6666666666667	0	0	0	0	0	89.3333333333333	73.3333333333333	30.6666666666667
858896	0	0	1	0	0	0	0	0	8.75	5.75	5
859700	0	1.6	1.4	0	0	0	0	0	3.4	0.8	0.4
863124	0	2	0	0	0	0	0	0	6.5	1.5	0
864465	0	1.5	0	0	0	0	0	0	4.25	3.75	1.75
864640	0	1	0	0	0	0	0	0	0.5	3.25	0.75
865469	0	2	4.16666666666667	0	0	0	0	0	0.333333333333333	5	0.833333333333333
871442	0	2.75	1.5	0	0	0	0	0	5.5	0.5	0
872004	0	2.5	0	0	0	0	0	0	1	0.833333333333333	0
876114	0	65.6	2	2.6	45.8	0	0	0	0	0	0
878474	0	0	23.6	0	0	0	0	0	0	5.4	117.4
879972	0	1.2	1.6	0	0	0	0	0	2.4	1.2	0.4
894774	1.5	0	0	1.7	1	1.6	0.9	1.1	0	0	0
897007	13.6	0	0	19.6	13	15	12.4	8.6	0	0	0
898309	0	205	13.5	0	0	0.5	0	0	4067.25	0.5	29.75
898611	0	3.5	0.75	0	0	0	0	0	4.25	0	0
90335	0	2	0	0	0.666666666666667	0	0	0	5.33333333333333	0	0.666666666666667
903686	0	3	1.2	0	0	0	0	0	0	26.2	2.8
91024	1.25	0	0	0.5	0	0.75	1.25	0.5	0	0	0
911496	0	1.2	0.8	0	0	0	0	0	1.4	1.2	0
913875	6.66666666666667	0	0	4.33333333333333	3.33333333333333	5.83333333333333	5.16666666666667	5.33333333333333	0	0	0
91594	0	0	0	0.3	0.2	0	0.2	0	0	0	0
916108	3.9	0	0	6.4	4.7	6.5	3.6	3.2	0	0	0
91962	0	0	0	17	0.666666666666667	6	0	4.66666666666667	10.3333333333333	0	0
922239	0	0.5	0.75	0	0.75	0	0	0	15.25	4.75	11.5
92231	0.333333333333333	0.666666666666667	1.66666666666667	0	0	0	0	0	0	15.1666666666667	10
925707	0	3.75	0	0	0	0	0	0	0	2.25	1
929275	657.4	0	0	961.8	718.8	838.2	636.6	468.8	0	0	0
930592	0	0.5	0.5	0	0	0	0	0	1.25	0.5	0.5
935742	11.75	0.5	10.5	5.75	370	0.5	0	0	1	9.75	8.75
938948	0	175	45.5714285714286	0	4.85714285714286	0.285714285714286	0	0	0	0	0
944510	0	1	0	1	0	1.5	1	0	0	0	0
949789	0	1.9	0.3	0	0	0	0	0	0.2	0.3	0
950828	0	1.66666666666667	0	0	0	0	0	0	0.666666666666667	0.833333333333333	0
95168	0	1.66666666666667	11	0	0	0	0	0	0.666666666666667	0	0
956982	0.4	43.6	0	0.6	38.8	0	0	0	10.4	0	0
960076	0.333333333333333	0	0	0	0.833333333333333	0	0.333333333333333	0.5	0	0	0
960131	0.2	0	0	0.7	0.9	0.3	0.7	0.2	0	0	0
960695	0	0	1.8	0	0	8.8	0.4	0	6	0.4	0
962249	0	0	22.8	0	0	0	0	0	3.8	60	94
963344	2.25	0	0	2.75	2.5	1.25	3	4.5	0	0	0
967275	0	0	0	0.666666666666667	0	0.666666666666667	1.66666666666667	0	2.66666666666667	0	0
967427	0	1.75	0.75	0	0	0	0	0	0	1.25	0
967433	0	0.5	1.5	0	0	0	0	0	2.5	1	0.75
97342	334.8	0	0	489.6	292	371.6	400.8	373	0	0	0
993127	1.33333333333333	46	3.66666666666667	0	7.66666666666667	1.33333333333333	0	0	31.6666666666667	4.66666666666667	11
995893	0.5	854.5	0.333333333333333	0	0	0	0	0	724.166666666667	9.16666666666667	32
996167	0	406.75	0	0	0	0	0	0	96	85.75	9
996434	0	2.5	3	0	0	0	0	0	5	1.25	0
998905	0	0	0	2	0	1	1	0	0	0	0
