Genus	AS1	AS2	AS3	G1	G2	G3	G4	G5	N1	N10	N11	N12	N13	N2	N3	N4	N5	N6	N7	N8	N9	OC1	OC10	OC11	OC12	OC2	OC3	OC4	OC5	OC6	OC7	OC8	OC9	OP1	OP10	OP11	OP12	OP13	OP2	OP3	OP4	OP5	OP6	OP7	OP8	OP9	SD1	SD2	SD3	SD4	SD5	SD6	SD7	SD8	SD9	All
Unassigned	3.68	0.877	0.373	1.18	1.87	0.32	2.24	0.893	3.86	1.24	1.02	1.26	1.5	3.84	1.99	0.0233	3.76	4.09	1.09	0.303	0.56	3.89	5.18	2.04	0.227	29.3	1.43	3.21	0.71	0.823	0.75	0.607	0.89	3.47	0.707	1.16	1.67	1.02	24.4	0.23	0.857	2.07	1.09	0.717	0.55	0.907	3.81	3.3	3.77	4	4.81	0.523	2.01	1.21	1.07	12.9
Prevotella_7	0.127	0.15	9.72	0.13	10.2	0.313	10	27.1	0.04	10.5	3.99	0.54	1.01	0.0733	0.163	0.0767	0.29	0.00667	1.48	0.523	0.61	0.55	1.17	1.19	16.9	10.3	37.9	19.3	0.85	5.62	0.147	1.74	6.7	0.443	7.23	0.91	2.08	16.4	11.6	44.2	28.6	3.07	2.5	8.3	5.15	20.7	0.0267	2.74	0.01	0	0.00333	3.83	0.43	9.76	9.77	4.3
Treponema_2	0	0.223	1.14	0	0.797	1.08	0.0567	0	0	2.28	0.713	0.04	0	0	0	0	0	0.01	2.37	0.717	0.343	0.213	0.49	0.00667	0	0.317	0	0	1.99	1.16	0	0.00333	1.16	0.167	2.89	0.167	0	0	0.947	0	0	0.0533	2.88	1.47	0.0667	0.147	0	0	0	0.00333	0	0.07	0.693	0.01	0.00333	3.8
Bacillus	48.9	0.05	0.02	2.06	0.00333	0	0.00333	0	47.6	0.0167	0.0367	0.00667	0.123	46.8	28.4	0.01	48.2	47.5	0.24	0.0633	0.127	45.9	0	0	0	0.15	0	0	0	0.0133	0.0567	0.00333	0.00333	46.1	0	0.00333	0	0.00333	0.0433	0	0.02	22.6	0.02	0	0.0367	0	47.8	48.5	49.9	47.9	46.6	0.0133	2.81	0	0	3.3
Fusobacterium	0.0433	3.76	20	0.177	0.18	3.17	0.00333	0.03	0.0433	8.38	5.01	0.19	0.0567	0.02	0.00667	0.05	0.173	0.0233	2.38	0.62	2.09	0.683	0.417	0.00667	0.01	0.87	12.9	3.81	11.9	0.187	0.00667	0.02	5.84	0.727	6.9	0.137	0.00667	0	2.41	19.6	19.6	3.95	6.93	0.313	0.03	0.94	0	0.0767	0.00667	0	0.00333	0.03	0.843	0.01	0.0133	2.9
Leptotrichia	0	5.84	1.18	0.00333	0.0467	0.303	0.00667	0	0.0167	6.61	2.04	0.02	3.33	0.00333	0	0	0.00333	0.0233	5.64	1.33	1.35	0.28	0.143	0	0	0.207	0	0.00333	6.93	0.0933	0.00333	0.00333	11.3	0.343	9.96	0.227	0	0	0.85	0	0	0	6.7	0.0767	0.00667	0.01	0	0	0	0.00333	0	0	0.187	0.00667	0	2.6
Prevotella	0	1.62	6.03	0.0767	15.3	5.89	0.667	3.96	0.00667	7.06	3.16	0.153	0.08	0.00333	0.00333	0.00333	0.0433	0.00667	3.08	0.673	1.91	0.287	0.447	0	0.603	1.41	0.13	0.267	0.45	16.2	38.9	31.9	3.79	0.167	5.69	0.223	0.0433	1.46	0.397	0.787	7.2	1.67	2.6	17.9	30	17.7	0	0.0833	0.00667	0	0	13	0.517	0.66	2.36	2.4
Capnocytophaga	0.0467	5.97	2.74	0	0.797	0.803	5.47	1.41	0.0167	1.63	0.86	0.0867	0.227	0	0.00667	0	0.00333	0.03	4.11	0.643	5.43	1.13	15.5	9.74	1.16	3.62	1.67	2.48	5.35	1.36	2.34	1.61	2.61	1.05	2.03	14.2	14.4	2.31	13.2	1	0.453	0.107	4.92	1.41	0.763	0.5	0	0.00333	0	0.01	0	0.357	1.38	6.71	2.23	2.1
Streptococcus	0.363	3.94	6.97	7.14	0.67	1.44	1.76	0.727	0.293	4.89	4	0.207	0.373	0.33	0.203	0.00333	0.31	0.28	4.28	0.933	1.05	0.31	1.17	0.307	0.15	0.11	0.0133	0.0133	0.41	0.73	1.48	0.927	3.16	0.293	3.17	0.263	0.213	0.11	0.193	0.0267	0.0267	0.243	7.22	0.42	7.29	4.21	0.347	0.29	0.347	0.32	0.283	3.92	1.36	3.96	1	1.8
Chryseobacterium	0.03	0	0	0	0	0	0.00667	0	0.0167	0	0	0	0.04	0.0467	0.0133	0	0.0567	0.0267	0	0	0	0.0567	0	0	0	0.02	0	0	0	0	0	0	0	0.01	0	0	0	0	0.0233	0	0	0.00333	0	0	0	0	0.0433	0.0167	0.0367	0.0433	0.0533	0	0.937	0	0	1.7
Acinetobacter	0.0867	0.03	0.0167	30.7	0.00667	0.00667	0.12	0.107	0.187	0.00333	0.03	0	0.16	0.1	9.35	62.8	0.683	0.15	0.09	0.673	3.59	0.117	0.00333	0	0	4.05	7.41	20.3	0.00333	0.01	0	0	0	0.11	0.00667	0	0	0	1.38	0.203	1.4	0.473	0.03	0.00333	0	0	0.0833	0.103	0.58	0.14	0.153	0.00667	4.54	0	0.0333	1.5
Pseudomonas	4.31	0.00333	0	0.103	0.00333	0	0.00333	0	4.29	0.00333	0.01	0	0.693	4.57	1.61	0.00333	3.76	4.66	0.0333	0.103	0.253	3.94	0.00333	0	0	0.137	0	0	0.00333	0.00333	0.00333	0	0	3.81	0	0	0	0	0.0567	0	0.00333	1.1	0	0	0.00333	0	4.32	4.11	3.89	4.62	5.07	0.00667	18.5	0	0	1.5
Alloprevotella	0.02	24.5	1.49	0.51	1.26	0.267	1.76	8.13	0.00667	2.36	0.527	0.0433	0.217	0.00333	0	0	0.117	0.0733	18.6	5.68	2.91	0.523	0.07	1.03	6.45	0.187	0.08	0.31	1.38	2.69	0.137	0.82	0.15	0.497	0.34	0.0567	10.6	10.6	0.283	0.267	0.347	0.877	10.3	2.75	2.26	9.85	0	0.17	0.0233	0.01	0	5.92	0.0867	5.15	6.38	1.4
Porphyromonas	0	0.897	1.51	0.04	0.457	1.44	0.123	0.0733	0.00667	5.13	1.17	0.04	0.0733	0	0	0.00333	0.0367	0.00333	1.4	0.257	0.207	0.0933	0.35	0.00667	0.13	0.0967	0.303	0.613	0.387	0.457	0.00333	0.04	1.4	0.257	4.55	0.0933	0.01	0.02	0.207	1.04	0.88	0.35	2.43	0.68	0.01	0.753	0	0.0333	0	0	0	0.127	1.51	0.0567	0.07	1.3
Paenibacillus	0.0867	0.00333	0	0.00667	0	0	0	0	0.0867	0	0	0	0.00333	0.0833	0.0367	0	0.117	0.12	0	0.00333	0	0.09	0	0	0	0	0	0	0	0	0	0	0	0.11	0	0	0	0	0	0	0	0.0467	0	0	0	0	0.0533	0.0867	0.0733	0.11	0.107	0	0.103	0	0	1.3
Flavobacterium	0.103	0	0	0	0	0	0	0	0.0767	0	0	0	0.0233	0.05	0.0533	0	0.0667	0.127	0	0	0	0.0433	0	0	0	0	0	0	0	0	0	0	0	0.0833	0	0	0	0	0	0	0	0.0167	0	0	0	0	0.08	0.09	0.0667	0.0967	0.123	0	0.45	0	0	1.3
Psychrobacter	1.82	0	0	0	0	0	0	0	1.74	0	0	0	0.0233	1.8	0.697	0	1.68	2.28	0	0	0.0133	1.56	0	0	0	0	0	0	0	0	0	0	0	1.3	0	0	0	0	0.00333	0	0.00333	0.443	0.00333	0	0	0	1.72	1.44	1.53	2.18	2.48	0	1.08	0	0	1.3
Actinomyces	0.00667	0.0833	0.237	0	0.0167	0.06	0.0267	1.1	0	1.15	0.633	0.12	0.22	0.00333	0	0	0	0	0.277	0.0733	0.0533	0.0233	0.0433	0.00333	0.0267	0.0867	0.00667	0	1.08	0.02	0	0	2.32	0.0133	1.32	0.0533	0.0133	0.06	0.0733	0.01	0.00667	0.00333	2.86	0.0267	0.00333	0	0	0	0	0	0	0.02	0.05	0.0133	0.0433	1.1
Selenomonas_3	0	0.07	0.157	0	0	0.0433	0	0.00667	0	0.86	0.393	0.0233	0.0133	0	0	0	0	0	0.137	0.1	0	0.0367	0.0267	0	0	0.05	0	0	0.0967	0.04	0	0	0.243	0.07	0.66	0.0233	0.00333	0.00333	0.0933	0	0.0133	0.01	0.39	0.0467	0	0	0	0	0	0	0	0.00333	0.03	0	0	1.1
Johnsonella	0	0.17	0.01	0	0.0133	0.0367	0.00333	0.0267	0	0.0733	0.0133	0	0	0	0	0	0	0.00333	0.137	0.05	0.0267	0.0233	0.0233	0.00333	0.0133	0.0233	0	0	0.117	0.01	0	0	0.00333	0.0167	0.03	0	0.00333	0.00667	0.117	0	0.00333	0	0.573	0.00667	0	0.01	0	0	0	0	0	0.00333	0.0733	0	0.0367	1.0
Lactobacillus	0.03	0.00333	0.0133	1.05	0.00333	0.00667	0.417	0.01	0.04	0	0.00333	0	0.0133	0.0667	0.0467	0	0.0467	0.03	0	0.00333	0	0.06	0.00667	0.00333	0	0.01	0	0	0	0	0	0	0.00333	0.0333	0.0133	0	0	0	0	0	0	0.01	0.00333	0	0	0	0.0367	0.0567	0.0467	0.05	0.0567	0	0.0667	0	0	1.0
Oribacterium	0	0.307	0.157	0.01	0.09	0.0167	0.13	0.543	0	0.633	0.377	0.0367	0.0533	0.00333	0.00333	0	0.00333	0	0.66	0.1	0.09	0.00667	0.02	0.0267	0.38	0.0533	0.273	0.0467	2.65	0.0533	0.0333	0.89	0.763	0.01	0.537	0.0867	0.0133	0.697	0.177	0.503	0.213	0.1	3.24	0.0533	0.1	0.687	0	0.21	0	0	0	0.387	0.00333	0.197	0.443	1.0
Stenotrophomonas	0.0367	0.0133	0	0.117	0.01	0	0.00333	0	0.157	0.0133	0.0367	0.01	0.507	0.0567	0.02	0.0133	0.04	0.0867	0.64	1.01	2.29	0.127	0.00333	0	0	6.48	0	0.00667	0.0167	0.0133	0	0	0.00333	0.14	0	0	0	0	2.43	0	0.00667	0.0233	0.0833	0.00667	0	0.00333	0.03	0.0467	0.04	0.0633	0.07	0.01	10.5	0	0	1.0
Sphingomonas	0.00333	0.03	0.0167	2.15	0	0.01	0.00333	0	0.00667	0.0233	0.0367	0.00333	0.00333	0	0.00667	0	0	0.00667	0.157	0.0933	0.133	0.00333	0	0	0	0.137	0	0	0	0.00667	0	0	0	0.00333	0.00333	0	0	0	0.0467	0	0	0	0.02	0	0	0	0.00333	0.00333	0	0	0	0.0133	0.0567	0	0.02	0.9
Campylobacter	0	0.2	2.45	0.00333	0.18	0.523	0.0167	0.173	0	1.88	1.58	0.103	0.0733	0.00333	0	0	0.00333	0.00667	0.283	0.0433	0.07	0.153	0.34	0.00667	0.0267	0.77	0.727	0.35	0.427	0.23	0	0.00333	1.36	0.123	1.46	0.14	0.00667	0.0167	3.58	0.483	0.39	0.0333	0.807	0.25	0.01	0.14	0	0.0167	0	0	0	0.0333	0.19	0.00333	0.147	0.9
Prevotella_2	0	0.133	0.01	0	0.173	0.0233	0	0	0	0.0167	0	0	0	0	0	0	0	0.00667	0.0733	0.0233	0.0267	0.0967	0.0433	0	0	0.137	0	0	0.05	0.287	0	0.00333	0.0233	0.103	0.2	0.02	0	0	0.163	0.00333	0.00667	0.0267	0.24	0.633	0.0167	0.16	0	0	0	0	0	0.0133	0.0167	0.00667	0	0.9
Selenomonas_4	0	0.00333	0.06	0	0.00333	0.0133	0	0	0	0.02	0	0	0	0	0	0	0	0	0.0567	0.00667	0.00667	0.0267	0.02	0	0	0.0967	0	0	0.07	0.0367	0	0	0.00333	0.0333	0.02	0.00667	0	0	0.113	0	0	0	0.15	0.0367	0.00667	0.00333	0	0	0	0	0	0	0.0167	0	0	0.8
Haemophilus	0.0333	16.6	15.6	0.00667	32.8	9.71	12.2	5.11	0.0367	10	4.67	0.513	0.187	0.0133	0.0267	0.02	0	0.0733	11.6	3.44	20.8	0.627	32.4	9.53	1.87	1.53	6.66	3.01	40.1	48.3	25	15.1	37.4	0.917	32	40.3	15.8	5.87	1.39	12.3	5.11	0.47	11.1	39.1	31.8	16.5	0	0.0367	0.00333	0.00667	0	5.48	4.16	10.8	2.56	0.8
Catonella	0	0.0267	1.03	0.00333	0.00667	0.0833	0.0133	0.0667	0	0.13	0.177	0.0167	0.0133	0	0	0	0.00333	0	0.0333	0.00667	0.01	0.00667	0.00667	0.00333	0.00667	0.01	0.0133	0.0267	0.0167	0.01	0	0.0333	0.0367	0.00667	0.137	0.0133	0.00667	0.0333	0.02	0.00667	0.0367	0.0267	0.147	0.00333	0	0.11	0	0	0	0	0	0.0533	0.01	0.0333	0.0767	0.7
Leuconostoc	0.267	0	0	0.0167	0	0	0.0167	0	0.307	0	0	0	0.02	0.35	0.17	0.00333	0.353	0.35	0	0	0	0.203	0	0	0	0	0	0	0	0	0.00333	0	0	0.227	0	0	0	0	0.00333	0	0	0.103	0	0	0	0	0.273	0.257	0.337	0.427	0.38	0	0.543	0	0	0.7
Lactococcus	30.8	0.00333	0.00333	0.06	0	0	0	0	31.3	0	0	0	1.14	32	19	0	28.4	30.3	0.0167	0.00333	0.0233	29.3	0.00333	0	0.00333	0.0133	0	0	0	0.00333	0.00333	0	0	29.4	0	0	0	0	0	0	0.00333	13.9	0.00667	0	0.0233	0	31.5	29.9	28.5	30.6	30.4	0	21.3	0.00667	0	0.7
Veillonella	0	11.6	1.78	0	0.543	0.0967	2	8.68	0	2.78	1.84	0.147	0.393	0	0	0	0	0.01	10.3	2.63	0.87	0.04	0.387	0.18	0.713	0.713	0.21	0.00667	1.15	0.2	0.02	0.08	2.46	0.0267	1.54	0.123	0.637	8.85	0.957	0.12	0.0467	0.00333	9.66	0.337	0.19	5.32	0	0	0	0	0	0.09	0.0133	0.747	1.28	0.7
Bacteroides	0	0	0.143	0	0.0133	0.03	0.01	0	0.00667	0.33	0.02	0	0.00333	0.00333	0	0	0	0.0433	0.0267	0.0267	0.00333	0.00667	0.00333	0	0	0	0	0	0.00333	0	0	0	0.0767	0.00333	0.167	0	0	0	0.00667	0	0	0	0.02	0.01	0	0.00333	0.00333	0.00333	0.00333	0	0	0.00667	0.04	0	0	0.7
Staphylococcus	0.0167	0.0233	0.0867	0	0.0567	0.0133	0.00333	0.01	0.523	0.567	12.8	68.4	4.15	0.0867	18.6	6.16	0.0667	0.00667	2.38	68.6	27.4	0.0867	0.06	0.00667	0.00333	5.44	0.00333	0	0.0333	0.05	0.03	0.00667	0.0933	0.32	0.0367	0.263	0	0.0233	2.3	0.0867	0.117	0.04	0.0267	0.0233	0.0267	0.0367	0.00667	0.0133	0.0567	0.00333	0	0.0233	0.0467	0.01	0	0.6
Methylobacterium	0.00333	0.0733	0.0967	0.0233	0.03	0.0633	0.00667	0.00667	0.00333	0.103	0.12	0.0233	0.00667	0.01	0	0.01	0	0.0167	0.983	0.213	0.31	0.00667	0.00333	0	0	0.263	0	0	0.03	0.00667	0	0	0.0167	0.01	0.00667	0	0	0	0.04	0.00333	0	0	0.0933	0.00333	0	0.00333	0.01	0.01	0.00667	0.0167	0	0.13	0.0533	0.00667	0	0.6
Neisseria	0.0633	11.4	11.3	0.437	3.94	53.1	25.4	19	0.133	5.14	8.25	1.26	5.95	0	0.0233	0.02	0.267	0.0333	8.23	3.67	5.43	0.0933	0.213	43.4	59.9	0.64	10.3	31.8	18.3	9.84	24.7	39.9	11.3	0.0633	8.69	0.693	21.8	25.5	0.487	1.9	3.25	31.4	11	16.1	15.2	7.46	0	0.0267	0.933	0.00667	0	20.3	0.14	19	39.1	0.6
Enterococcus	1.44	0.0133	0	0.03	0.0733	0	0.0333	0.00333	1.57	0	0	0.00333	0.14	1.59	0.98	0	1.44	1.42	0.02	0.00667	0.00333	1.4	0.12	0.00333	0	0.57	0	0	0	0.0333	0.03	0	0.00333	1.54	0	0.12	0.00333	0.00333	0.297	0	0	0.537	0.0133	0.0167	0.0233	0.0233	1.48	1.55	1.35	1.5	1.35	0.00667	3.54	0.00333	0	0.6
Aggregatibacter	0.24	0.93	3.5	0.393	0.587	0.26	19.8	13.3	0.0667	1.52	0.647	0.07	1.32	0.0167	0.01	0.00667	1.55	0.00667	0.607	0.213	0.303	0.773	0.373	19.9	9.29	1.84	7.28	8.81	0.283	0.61	0.593	1.15	0.15	0.68	0.53	0.0567	28.7	22	2.22	2.13	7.16	10.9	0.963	0.29	0.287	0.533	0	0.0433	0.39	0	0	0.293	0.127	30.2	20	0.6
Bergeyella	0	0.2	0.347	0	0.383	0.00667	0.103	0.0333	0	0.0933	0.113	0.00333	0.0167	0	0	0	0	0	0.257	0.0333	0.0933	0.00333	0.38	0.173	0.07	0.0733	0.03	0.03	0.14	0.12	0.0967	0.0733	0.163	0.00333	0.0833	0.433	0.587	0.143	0.223	0.11	0.0233	0	0.163	0.113	0.133	0.1	0	0	0.00333	0	0	0.02	0.0367	0.22	0.07	0.6
Rikenellaceae_RC9_gut_group	0	0.00333	0.0167	0	0.0267	0.0333	0.02	0.00333	0.00333	0.0533	0.0167	0.0133	0	0	0	0	0	0	0.103	0.05	0.05	0.0333	0.01	0	0.00333	0.0633	0.00667	0.0133	0.11	0.0433	0	0.00333	0.0167	0.0167	0.0733	0.00667	0	0.00333	0.18	0	0.0133	0.0167	0.237	0.0933	0	0.01	0.00667	0.00333	0	0	0	0	0.05	0.00667	0.00667	0.6
Peptoclostridium	0	0.103	0.0467	0	0	0.0333	0.00333	0.11	0	0.06	0.07	0	0	0	0.00333	0	0	0.00333	0.08	0.0133	0.0133	0.00333	0.05	0.00333	0.0767	0	0	0	0.17	0.01	0	0.01	0.03	0.00333	0.08	0.01	0.00333	0.0433	0	0	0	0	0.847	0.00667	0	0.203	0	0.00333	0	0	0.00333	0.0933	0.0333	0	0.1	0.6
[Eubacterium]_nodatum_group	0	0.0933	0.103	0	0.0367	0.1	0.0133	0.05	0	0.4	0.153	0.01	0	0	0	0	0	0	0.113	0.0333	0.00667	0.02	0.03	0	0.0567	0.08	0.13	0.00667	0.0167	0.03	0	0.00667	0.0467	0.00667	0.0733	0.00333	0.00333	0.0167	0.24	0.05	0.0233	0.0167	0.113	0.0133	0.00667	0.0167	0	0	0	0	0	0.01	0.03	0.03	0.0167	0.6
Brevundimonas	0.0167	0	0.0367	0.263	0	0.0233	0	0	0.0167	0.0667	0.02	0	0.0867	0.00333	0.00333	0	0	0.00667	0.0533	0.0767	0.187	0.01	0	0	0	0.6	0	0	0.00667	0.00333	0	0	0	0.03	0.00333	0	0	0	0.263	0	0.00333	0.00333	0.00667	0	0	0	0.00667	0.00667	0.00333	0.00667	0.00333	0.00667	1.72	0.00333	0	0.6
Fretibacterium	0	0.00667	0.0367	0	0.04	0.29	0.0133	0.00667	0	0.11	0.0467	0.00333	0	0	0	0	0	0	0.123	0.0567	0.01	0	0.21	0	0	0	0	0	0.103	0.07	0	0	0.0633	0.00667	0.21	0.0467	0	0	0.0167	0	0	0	0.103	0.0533	0.00667	0.0133	0	0	0	0	0	0	0.0633	0.00333	0	0.5
Novosphingobium	0	0.00333	0	0	0	0	0	0	0	0	0	0	0.00333	0	0	0	0	0	0.0133	0.03	0.0633	0	0	0	0	0.02	0	0	0	0.00333	0	0	0	0	0	0	0	0	0.0433	0	0	0	0	0	0	0	0.00333	0	0	0	0	0	0.07	0	0	0.5
Anaerococcus	0	0	0.0933	0	0	0	0	0	0	0.313	2.86	0.213	0.0433	0	0	0.00333	0	0	0	0	0	0.00333	0	0	0	0	0	0	0	0	0	0	0	0	0	0	0	0	0	0.01	0.0167	0.00333	0	0	0	0	0	0.00333	0	0	0	0	0.00333	0	0	0.5
Comamonas	0.00333	0.12	0.01	0.00667	0.00333	0.0567	0	0	0	0.0667	0	0.00333	0	0	0	0	0	0.00667	0.0433	0	0.02	0.00667	0.0633	0	0.01	0.153	0	0	0.0233	0.00333	0	0	0.02	0.00333	0.0167	0.00333	0	0	0.0533	0	0	0	0.24	0.00333	0	0	0.00667	0.00333	0	0.00333	0	0	0.02	0.00333	0	0.5
Atopobium	0.00333	0.00667	0.0633	0	0.01	0.01	0.0267	0.513	0	0.38	0.133	0.00333	0.0367	0	0	0.00333	0.00333	0	0.0433	0.00333	0.01	0.0133	0.00333	0.00333	0.02	0.05	0.0367	0.0267	0.0133	0.00667	0	0	0.0633	0.0167	0.0467	0.00667	0.00667	0.21	0.123	0.16	0.237	0.13	0.0367	0.01	0	0.0167	0	0	0	0	0	0	0.01	0.0433	0.333	0.5
Aquabacterium	0	0	0.01	0.00667	0	0.0133	0	0	0	0	0.00333	0.00333	0.06	0.00333	0	0	0.00333	0.00667	0.00667	0.00667	0.00667	0.00333	0.00333	0	0	0.00667	0	0	0	0	0	0	0	0.00333	0.00667	0.00333	0	0	0.00333	0	0	0	0	0	0	0	0.00667	0.00333	0	0	0.00333	0	1.15	0	0	0.5
Corynebacterium_1	0	0	1.99	0	0	0	0	0	0.0867	2.19	12.7	12.9	14	0.0233	0.0333	0.1	0	0	0.153	0.607	13.6	0	0	0	0	0.0133	0	0	0	0.00333	0	0	0.00333	0.00333	0.00667	0	0	0.01	0.00333	0	0	0	0.00333	0	0	0	0	0	0	0	0	0	0	0.00333	0.00333	0.4
Mycoplasma	0	0	0.0467	0	0.163	0.12	0.137	0.557	0	0.107	0.0467	0.01	0.0133	0	0	0	0.00333	0	0.157	0.00667	0.0167	0	0.297	0.00667	0.04	0.0267	0.00333	0.0133	0.0267	0.117	0	0.00333	0.06	0	0.14	0.0867	0.0867	0.347	0.0267	0.01	0.01	0.0133	0.103	0.09	0	0.0833	0	0.00333	0	0	0	0.00333	0.323	0.16	0.733	0.4
Arcobacter	0.00667	0	0	0	0	0	0	0	0	0	0	0	0	0	0	0	0	0	0	0	0	0	0	0	0	0	0	0	0	0	0	0	0	0	0	0	0	0	0	0	0	0	0	0	0	0	0.00333	0	0	0	0.01	0	0.0867	0	0	0.4
Arthrobacter	2.09	0	0	0	0	0	0	0	2.06	0	0	0	0.00333	2	0.887	0	1.95	2.18	0	0	0	1.7	0	0	0	0	0	0	0	0	0	0	0	1.66	0	0	0	0	0.00333	0	0.00333	0.647	0	0	0	0	2.38	1.68	2.06	2.29	2.5	0	0.103	0	0	0.4
Dialister	0.00333	0.0233	0.17	0	0.08	0.133	0	0.0767	0	0.13	0.31	0.00667	0	0	0	0.00333	0.00333	0	0.36	0.07	0.03	0.0433	0.0133	0	0	0.0633	0.05	0.03	0.14	0.113	0.00667	0.01	0.103	0.0633	0.21	0.00333	0	0.00667	0.527	0.07	0.457	0.0767	0.243	0.13	0.09	0.763	0	0.0167	0	0	0	0.21	0.0133	0	0.0567	0.4
Morganella	0	0	0	0	0	0	0.00333	0.00667	0	0.313	0.187	0.8	15	0	0	0	0	0.00333	0	0	0	0	0	0	0	0	0	0	0	0	0	0	0.00333	0	0	0	0	0	0	0	0	0	0	0	0	0.00333	0	0	0	0	0	0	0	0.05	0.107	0.4
Selenomonas	0	0.0467	0.187	0	0.0433	0.06	0.00333	0.0433	0.00333	0.673	0.223	0.0333	0.0133	0	0	0	0	0	0.19	0.04	0.03	0.01	0.06	0	0.00667	0.0167	0	0	0.107	0.03	0	0	0.0967	0.02	0.333	0.0167	0	0.00667	0.0367	0	0	0.00333	0.16	0.03	0	0.00667	0	0	0	0	0	0	0.04	0.00333	0.01	0.4
Bosea	0.00333	0.0133	0	0	0	0	0	0	0	0.00333	0.00333	0.00333	0.0233	0.00333	0	0	0	0	0.15	0.08	0.0767	0	0	0	0	0.03	0	0	0.01	0	0	0	0	0.00333	0	0	0	0	0.0133	0	0	0	0.0133	0	0	0	0	0	0.00333	0.00333	0	0.00667	0.223	0	0.00333	0.4
Pelomonas	0.0167	0.0233	0.01	0.0833	0.00333	0.01	0	0	0.04	0.02	0.0167	0.00667	0.00667	0.03	0.00333	0.0367	0.00667	0.0167	0.35	0.487	0.7	0.0333	0.01	0.00333	0	2.52	0	0	0.00667	0.00667	0	0	0.00667	0.0433	0.00333	0	0	0	1.21	0	0	0	0.04	0	0	0	0.0267	0	0.00667	0.02	0.00333	0.00333	0.13	0	0	0.3
Serratia	0.00667	0.00333	0.02	0.0767	0.06	0.00333	0.1	0.113	0.00333	0.397	0.0233	0.02	20.3	0.00667	0.00333	0	0.0133	0.0133	0.0833	0.00667	0.04	0.00333	0.03	0.523	0.0167	0.0433	0.133	0.237	0	0.03	0.05	0.01	0	0.0167	0.00333	0.00667	0.0167	0.02	0.00333	0	0.0233	0.03	0	0.0167	0.00667	0.00333	0.01	0	0.01	0.0167	0.0167	0.197	0.08	0.0233	0.177	0.3
Lachnoanaerobaculum	0.00667	0.42	0.137	0.00333	0	0	0.0333	0.433	0	0.287	0.243	0.00333	0.0233	0	0	0.00333	0.00333	0.00333	0.19	0.06	0.0633	0.00667	0	0	0.02	0.117	0.37	0.07	0.29	0.0133	0.587	1.8	0.113	0	0.0767	0.00333	0.00333	0.0567	3.23	2.05	1.45	0.0267	0.74	0.0167	2.01	3.89	0	0.00333	0	0	0	0.82	0	0.0433	0.113	0.3
Acholeplasma	0	0	0.0133	0	0.0167	0.0133	0.00667	0	0	0	0	0	0	0	0	0	0	0	0.0233	0.00333	0	0	0.00333	0	0	0	0	0	0.0267	0.00333	0	0	0.00333	0	0.0133	0.00667	0	0	0	0	0	0	0.02	0.0133	0	0.00667	0	0	0	0	0	0.00333	0.0133	0	0.00333	0.3
Facklamia	0.00333	0	0	0	0	0	0	0	0	0	0	0	0.00333	0.00667	0.00667	0	0	0.00333	0	0	0	0.01	0	0	0	0	0	0	0	0	0	0	0	0.00333	0	0	0	0	0	0	0	0	0	0	0	0	0.00333	0.00667	0.00333	0.00667	0.01	0	0.01	0	0	0.3
Paracocccus	0.00333	0.0433	0.0333	0	0.00333	0.00333	0	0	0.00333	0.01	0.0567	0.00333	0	0	0	0	0.01	0.00333	0.0967	0.0167	0.0367	0.00333	0.00333	0	0	0	0	0	0	0	0	0	0	0	0.01	0	0	0	0.00667	0	0.00333	0	0	0	0	0	0	0	0	0.00333	0.00333	0.02	0.04	0	0	0.3
Parvimonas	0.01	0.133	0.87	0.0167	0.203	0.533	0.00667	0	0	1.15	0.773	0.0333	0	0.01	0.00667	0	0.0267	0.00333	0.44	0.113	0.0733	0.02	0.213	0	0	0.163	3.22	0.54	0.297	0.123	0	0.0533	0.23	0.0233	0.683	0.0667	0	0	0.2	4.18	6.92	0.66	0.443	0.153	0.00333	0.56	0	0.00333	0.00667	0	0	0.113	0.12	0.00667	0.00667	0.3
Anaeroglobus	0	0	0	0	0.0167	0	0	0	0	0.0233	0	0	0	0	0	0	0	0	0.187	0.08	0	0.0167	0.00333	0	0.00333	0	0	0	0.0467	0.0767	0	0	0.00333	0.00333	0.00333	0.00333	0	0	0.13	0	0	0	0.23	0.0333	0	0	0	0	0	0	0	0.00667	0	0	0	0.3
Prevotella_6	0	0.09	0.17	0.0233	0.0167	0	1.01	3.05	0	0.25	0.0633	0	0.16	0	0	0	0	0	0.0467	0.0233	0.0233	0.00333	0	0.0467	0.413	0.00667	0.0333	0.01	0.0167	0.0167	0	0	0.07	0	0.183	0.02	0.343	0.653	0.00667	0.0467	0.0767	0.0233	0.153	0.15	0.00667	0.05	0.00333	0	0	0	0	0.01	0	1.08	0.97	0.3
Sphingopyxis	0	0	0	0	0	0	0	0	0	0	0	0	0.00667	0	0	0	0	0	0	0	0	0	0	0	0	0	0	0	0	0	0	0	0	0	0	0	0	0	0	0	0	0	0	0	0	0	0	0	0	0	0	0	0.15	0	0	0.3
Rothia	0.00333	0	0	0	0	0	0	0	0.00333	0	0	0	0	0.00333	0	0	0.00333	0	0	0.00667	0	0	0	0	0	0	0	0	0	0	0	0	0	0	0	0	0	0	0	0	0	0	0.00667	0	0	0	0.00333	0	0.00667	0	0	0	0.0233	0	0	0.3
Tannerella	0	0.02	0.02	0	0.0367	0.0533	0.00667	0	0	0.02	0.0167	0	0	0	0	0	0	0	0.0733	0.0233	0.0267	0.0133	0.0733	0	0	0.0233	0	0	0.0267	0.0933	0	0	0.0167	0.00667	0.0467	0.0133	0	0	0.0533	0	0	0	0.06	0.06	0	0	0	0	0	0	0	0.00333	0.0367	0.00333	0	0.3
Bradyrhizobium	0.00333	0	0.00333	0	0	0	0.00333	0	0	0	0	0	0.00667	0.00333	0	0	0.00333	0.00333	0.0133	0.01	0.03	0.00333	0	0	0	0.0367	0	0	0	0	0	0	0	0.00333	0	0	0	0	0.03	0	0	0	0	0	0	0	0	0.00333	0.00667	0	0.00333	0	0.0567	0	0	0.3
Myroides	0.307	0	0	0	0	0	0	0	0.297	0	0	0	0	0.267	0.13	0	0.26	0.343	0	0	0	0.223	0	0	0	0	0	0	0	0	0	0	0	0.207	0	0	0	0	0	0	0	0.0467	0	0	0	0	0.353	0.21	0.257	0.307	0.353	0	0.0267	0	0	0.3
Clostridium_sensu_stricto_1	0	0.0267	0	0	0.0167	0	0	0	0	0	0	0	0	0	0	0	0	0.00667	0.00667	0.0667	0.0767	0	0	0	0	0	0	0	0.0267	0.0267	0.0533	0.0333	0	0	0	0	0	0	0	0	0	0	0.02	0	0.02	0	0	0	0	0.00333	0.0267	0.0267	0.0167	0	0	0.3
Desulfovibrio	0.00333	0	0	0	0.00667	0.0233	0.00667	0	0	0.0233	0.0233	0	0	0.00667	0	0	0	0	0.08	0.02	0	0	0	0	0	0	0	0	0.0167	0.00667	0	0	0.00333	0	0.07	0	0	0	0	0	0	0	0.01	0.00333	0.00333	0	0	0	0	0.00333	0	0	0.00667	0	0	0.3
Erysipelotrichaceae_UCG-006	0	0	0	0	0.00667	0	0	0	0	0	0	0	0	0	0	0	0	0	0.0333	0.00333	0.01	0.0233	0	0.00333	0	0.0233	0	0	0.00667	0.00333	0	0	0.00333	0	0	0	0	0	0.0567	0	0	0	0.0267	0.01	0	0.53	0	0	0	0	0	0.00333	0	0	0	0.3
Shuttleworthia	0	0.00333	0	0	0.00667	0	0.00333	0.00333	0	0.0167	0.00333	0	0	0	0	0	0	0	0.04	0	0	0.01	0	0	0	0.0167	0	0	0.00333	0	0	0	0.00667	0.01	0	0	0	0.00333	0.143	0	0	0	0	0	0	0	0	0	0	0	0	0	0	0	0.00667	0.3
Atopostipes	0	0	0	0	0	0	0	0	0.00333	0	0	0	0	0.00333	0	0	0	0.00333	0	0	0	0.00333	0	0	0	0	0	0	0	0	0	0	0	0	0	0	0	0	0	0	0	0.00333	0	0	0	0	0	0	0.00667	0.00333	0	0	0.113	0	0	0.3
Mogibacterium	0	0.00667	0.0267	0	0.0867	0.0133	0	0	0	0.09	0.05	0	0	0	0	0	0.00333	0	0.0733	0.0167	0.00667	0.02	0.01	0	0	0.0467	0.0367	0.0133	0.00667	0.07	0	0	0.0133	0.00667	0.0233	0.00333	0	0	0.06	0.00667	0.0733	0.0633	0.0233	0.02	0.00333	0.01	0	0.00333	0	0	0	0	0.03	0	0.00333	0.3
Ruminococcaceae_UCG-014	0	0.14	0.07	0	0.00333	0.00667	0	0.02	0	0.143	0.167	0.0167	0.00667	0	0	0	0	0.00333	0.133	0.0133	0	0	0.0133	0	0.00333	0	0	0	0.0467	0.00667	0	0	0.0267	0	0.06	0	0	0.01	0.00333	0	0	0	0.127	0.01	0	0	0	0	0	0	0	0	0	0	0.03	0.2
Helcococcus	0	0	0	0	0	0	0	0	0	0	0	0	0.00333	0	0	0	0	0	0	0	0	0	0	0	0	0	0	0	0	0	0	0	0	0	0	0	0	0	0	0	0	0	0	0	0	0	0	0	0	0	0	0	0.0967	0	0	0.2
Incertae_Sedis	0	0.0267	0.00333	0	0.0467	0.07	0	0	0	0.01	0.01	0.00667	0	0	0	0	0	0	0.0867	0.0233	0.0267	0	0.02	0	0	0	0	0	0.03	0.08	0	0	0	0	0.00667	0.00667	0	0	0	0	0	0	0.0533	0.0267	0	0.00667	0	0	0	0	0	0	0.01	0	0	0.2
Ruminococcaceae_UCG-005	0.00333	0	0	0	0	0	0	0	0.00333	0	0	0	0.00333	0	0.00667	0	0.00333	0	0	0	0	0	0	0	0	0	0	0	0	0	0	0	0	0	0	0	0	0	0	0	0	0.00333	0	0	0	0	0	0.00333	0.00667	0	0	0	0.02	0	0	0.2
Intestinibacter	0.00333	0	0	0	0	0	0	0	0	0	0	0	0	0.00667	0	0	0	0.00667	0	0	0	0	0	0	0	0	0	0	0	0	0	0	0	0	0	0	0	0	0	0	0	0.00333	0	0	0	0	0.00333	0	0.00333	0	0.00667	0	0.0167	0	0	0.2
Proteus	0	0.01	0	0	0.00667	0	0	0	0	0	0	0	0	0	0	0	0	0	0.00333	0.00667	0.0433	0	0	0	0	0	0	0	0.01	0.00667	0.0167	0.03	0	0	0	0	0	0	0	0	0	0	0.0133	0.00667	0.0467	0.0367	0	0	0	0.00333	0	0.0267	0	0	0	0.2
Prevotella_1	0	0.01	0.733	0	0.527	0.173	0.05	0.00667	0	3.4	0.253	0.0267	0	0	0	0	0	0.00667	0.16	0.04	0.0633	0	0.09	0.00333	0.00333	0	0	0	0.03	0.173	0	0	1.58	0	2.88	0.0467	0.0133	0	0	0	0	0	0.12	0.13	0.00667	0.0233	0	0	0	0	0	0.0267	0.227	0.00333	0.01	0.2
Moryella	0	0	0	0	0	0.00667	0	0.00333	0	0	0	0	0	0	0	0	0	0	0.00667	0	0	0	0	0	0	0	0	0	0.00333	0.00333	0	0	0.00667	0	0	0	0	0	0	0	0	0	0.0133	0	0	0.00333	0	0	0	0	0	0	0.02	0	0	0.2
Oceanobacillus	2.75	0.00333	0	0	0	0	0	0	2.7	0	0	0	0.00333	3.37	1.52	0	3.11	3.18	0.00333	0	0	2.71	0	0	0	0	0	0	0	0.00333	0.00667	0	0	2.78	0	0	0	0	0.00333	0	0	0.99	0	0	0	0	2.75	2.5	3.2	3.07	2.66	0	0.0367	0	0	0.2
Opitutus	0	0	0	0	0	0	0	0	0	0	0	0	0	0	0	0	0	0	0	0	0	0	0	0	0	0	0	0	0	0	0	0	0	0	0	0	0	0	0	0	0	0	0	0	0	0	0	0	0	0	0	0	0.0667	0	0	0.2
Olsenella	0	0	0	0	0.00333	0	0	0	0	0	0	0	0	0	0	0	0	0	0.0133	0.00333	0	0.00333	0	0	0	0.00667	0	0	0.00333	0	0	0	0	0	0	0	0	0	0.00667	0	0	0	0	0.00667	0	0	0	0	0	0	0	0	0	0	0	0.2
Prevotellaceae_Ga6A1_group	0	0	0	0	0	0	0	0	0	0	0	0	0	0	0	0	0	0.0267	0	0	0	0	0	0	0	0	0	0	0	0	0	0	0	0	0	0	0	0	0	0	0	0	0	0	0	0	0	0	0	0	0	0	0	0	0	0.2
Methylophilus	0	0	0	0	0	0	0	0	0	0	0	0	0	0	0	0	0	0	0.00667	0	0	0.0167	0	0	0	0	0	0	0	0	0	0	0	0.0133	0	0	0	0	0	0.00333	0	0.00333	0	0	0	0	0	0	0.00333	0	0	0	0	0	0	0.2
Macrococcus	0.00333	0	0	0	0	0	0	0	0.01	0	0	0	0.00667	0.00667	0.00333	0	0.0133	0	0	0.00333	0	0.00333	0	0	0	0	0	0	0	0	0	0	0	0.00667	0	0	0	0	0	0	0	0	0	0	0	0	0	0.00667	0.00333	0	0.00333	0	0.0333	0	0	0.2
Lysinibacillus	0.313	0	0	0	0	0.00333	0	0	0.277	0	0	0	0	0.377	0.2	0	0.233	0.323	0.00667	0	0	0.27	0	0	0	0	0	0	0	0	0	0	0	0.263	0	0	0	0	0	0	0	0.1	0	0	0	0	0.287	0.273	0.287	0.32	0.34	0	0.0167	0	0	0.2
Phenylobacterium	0	0	0	0	0	0	0	0	0	0	0	0	0.00667	0.00667	0	0	0	0	0	0.00667	0	0	0	0	0	0.00333	0	0	0	0	0	0	0	0.00333	0	0	0	0	0.01	0	0	0	0	0	0	0	0	0	0	0	0	0	0.163	0	0	0.2
Reyranella	0	0	0	0	0	0	0	0	0.00333	0	0	0	0	0	0	0	0	0	0	0.0133	0.01	0	0	0	0	0.04	0	0	0	0	0	0	0	0	0	0	0	0	0.0133	0	0	0	0	0	0	0	0	0	0	0	0	0	0	0	0	0.2
Peptoniphilus	0	0	0.0733	0	0	0	0	0	0	1.35	12.6	0.693	0.03	0	0	0	0	0	0	0	0	0	0	0	0	0	0	0	0	0	0	0	0	0	0	0	0	0	0	0	0	0	0	0	0	0	0.00333	0	0	0	0	0	0.02	0.00333	0	0.2
Ralstonia	0.02	0	0.01	0	0	0	0.00667	0	0.01	0	0	0	0.00333	0.0267	0	0	0.01	0.0167	0.00333	0	0	0.0133	0	0.00333	0	0.0167	0	0	0	0	0	0	0.00667	0.00667	0.0367	0	0	0	0.00333	0	0	0.00333	0	0	0	0	0.01	0.02	0.00667	0	0.00667	0	0.0533	0.00667	0.00333	0.2
Megasphaera	0	0	0.0633	0.00333	0	0	0	0	0.00333	0.163	0.01	0	0.0367	0	0.00667	0.00333	0.01	0	0	0	0	0.0133	0	0	0	0.103	0.863	0.433	0	0	0	0	0.04	0.0233	0.0133	0.00333	0	0	0.17	5.25	9.37	0.0333	0	0	0	0	0.00333	0.0533	0	0	0	0	0.00667	0	0	0.2
Stomatobaculum	0	0.00667	0.03	0	0.00333	0.00333	0.16	0.52	0	0.243	0.0467	0.0133	0.0267	0	0	0	0	0	0	0	0.0133	0	0	0.0167	0.05	0	0	0	0.00667	0.01	0	0.02	0.127	0	0.09	0.0133	0.0333	0.0467	0	0	0	0	0.0167	0.01	0.03	1.61	0	0	0	0	0	0.0467	0	0.177	0.0667	0.2
Streptobacillus	0	0.53	0.37	0.00667	0	0.01	0.0333	0.853	0	0.09	0.277	0.00333	0.0267	0	0.0133	0.00333	0	0	1.08	0.173	0.197	0	0	0	0.213	0.317	0.9	0.32	0.0133	0	0	0	0.01	0	0	0	0.00333	1.49	0.38	1.53	0.243	0.00333	0.353	0	0.00333	0	0.01	0.22	0	0	0	0	0	0.05	1.2	0.2
Acidovorax	0.00667	0	0.02	0.00333	0	0	0	0	0.00667	0.00333	0.00333	0	0.00333	0.00333	0	0	0.00333	0.00333	0.00667	0	0	0.00333	0.00333	0	0	0.0133	0	0	0	0	0	0	0	0.01	0	0	0	0	0.01	0	0	0	0	0	0	0	0.00667	0.0133	0.01	0.00667	0.00667	0	0.05	0	0	0.2
Dolosigranulum	0	0	0.37	0	0	0.00333	0	0	0.02	4.37	5.34	9.97	0.83	0.00333	0.0233	0	0	0	0	0	0	0.00667	0	0.00667	0	0	0	0	0	0	0	0	0.00333	0	0.00333	0	0	0.00333	0	0	0	0	0	0	0	0	0	0	0	0	0	0	0	0	0.137	0.2
Sphingobacterium	0.01	0	0	0	0	0	0	0	0.00667	0	0	0	0.0133	0.00667	0	0	0.00333	0.01	0	0	0	0	0	0	0	0	0	0	0	0	0	0	0	0	0	0	0	0	0	0	0	0.00333	0	0	0	0	0.00333	0.00333	0	0.00667	0.0133	0	0.137	0	0	0.2
Epilithonimonas	0.00667	0	0	0	0	0	0	0	0.00667	0	0	0	0	0.0133	0.00333	0	0.01	0.01	0	0	0	0.0167	0	0	0	0	0	0	0	0	0	0	0	0	0	0	0	0	0	0	0	0	0	0	0	0	0.00333	0.0133	0.00667	0.01	0.0133	0	0.0633	0	0	0.2
Aerococcus	0	0	0	0	0	0	0	0	0	0	0	0	0	0.00333	0.00333	0	0	0	0	0	0.0133	0.00667	0	0	0	0	0	0	0	0	0	0	0	0	0	0	0	0	0	0	0	0	0	0	0	0	0	0.01	0	0	0	0	0.00333	0	0	0.2
Butyrivibrio_2	0	0.03	0.01	0	0.05	0.00333	0.00667	0.00333	0	0.307	0.01	0	0.00333	0	0	0	0	0	0.153	0.0233	0.0333	0	0.00333	0	0	0	0	0	0.0767	0.05	0	0.00667	0.1	0	0.31	0	0	0	0	0	0	0	0.307	0.03	0	0.0133	0	0	0	0	0	0.01	0.00667	0	0	0.2
Brochothrix	0.447	0	0	0	0	0	0	0	0.46	0	0.00333	0	0.15	0.42	0.207	0	0.403	0.37	0	0	0	0.287	0	0	0	0	0	0	0	0	0	0	0	0.383	0	0	0	0	0	0	0	0.0967	0	0	0	0	0.433	0.363	0.39	0.403	0.483	0	4.77	0	0	0.2
Brachybacterium	0	0	0	0.00333	0	0	0	0	0	0	0	0	0	0	0.00333	0	0	0	0	0.00333	0.00667	0	0	0	0	0	0	0	0	0	0	0	0	0	0	0	0	0	0	0	0	0	0	0	0	0	0	0.00333	0	0.00333	0	0	0	0	0	0.2
Cardiobacterium	0	0	0	0	0.00667	0	0	0	0	0	0	0	0	0	0	0	0	0	0	0	0.00333	0.00333	0.0233	0	0	0.0633	0	0	0.00333	0.0133	0.00333	0	0	0.00667	0.00333	0	0	0	0.127	0	0	0	0.0133	0	0	0	0	0	0	0	0	0	0.00333	0	0	0.2
Defluviitaleaceae_UCG-011	0	0	0.0133	0	0.00333	0.00333	0.00333	0	0	0.0133	0.00333	0	0	0	0	0	0	0	0	0	0	0.00333	0.00333	0	0	0.00333	0	0.00333	0.00667	0.00333	0	0	0.00333	0	0.00333	0	0	0	0.00333	0	0.00333	0.0167	0.01	0.00667	0	0	0	0	0	0	0	0	0	0	0.00333	0.2
Bifidobacterium	0	0	0	0	0	0	0.33	0	0.00667	0	0	0	0	0	0	0	0.00333	0.00667	0	0	0	0	0	0	0	0	0	0	0	0	0	0	0	0	0	0	0	0	0	0	0	0	0	0	0	0	0	0.00333	0	0	0	0	0.00333	0	0	0.2
Caulobacter	0.0167	0	0	0	0	0	0	0	0.0133	0	0.00333	0	0.0133	0.02	0.00333	0	0.01	0.0233	0	0	0	0.0167	0	0	0	0	0	0	0	0	0	0	0	0.01	0	0	0	0	0	0	0	0	0	0	0	0	0.0133	0.00333	0.0167	0.0133	0.0133	0	0.253	0	0	0.2
Solibacillus	0.303	0	0	0	0	0	0	0	0.353	0	0	0	0	0.343	0.26	0	0.323	0.377	0	0	0	0.323	0	0	0	0.00667	0	0	0	0	0	0	0	0.29	0	0	0	0	0	0	0	0.127	0	0	0	0	0.347	0.347	0.313	0.317	0.34	0	0	0	0	0.2
Gemella	0.0167	0.793	2.2	0.0733	0.05	0.683	1.35	0.817	0.00333	0.923	1.76	0.07	0.12	0	0	0.00333	0.00333	0	0.607	0.123	0.223	0.02	0.05	0.117	0.56	0.13	0.25	0.07	0.00667	0.02	0.377	1.12	1.56	0.0233	0.773	0.07	0.733	0.81	0.08	0.207	0.163	0.14	0.29	0.0233	0.523	2.12	0	0.0367	0.00333	0	0	1.83	0.0133	3.09	3.79	0.2
Faecalibacterium	0	0	0	0	0	0	0	0	0	0	0	0	0	0	0	0	0	0.03	0	0.02	0	0	0	0	0	0	0	0	0	0	0	0	0	0	0	0	0	0	0	0	0	0	0	0	0	0	0	0	0	0	0	0	0	0	0	0.2
Filifactor	0.00333	0.0333	0.27	0.00667	0.0467	0.307	0.00667	0.01	0.00333	1.06	0.26	0	0	0	0	0	0.0133	0	0.16	0.0667	0.03	0.0133	0.0567	0	0	0.0433	0.07	0.0333	0.15	0.11	0.00333	0.0167	0.35	0.0267	0.773	0.0167	0	0	0.0667	0.0133	0.0867	0.223	0.213	0.07	0	0.26	0	0	0.00333	0	0	0.08	0.117	0	0	0.2
Gemmatimonas	0	0	0.00667	0.00333	0	0	0	0	0.00667	0	0.00333	0	0.01	0.00667	0	0	0	0	0.00667	0.0267	0.0167	0	0	0	0	0.23	0	0	0	0	0	0	0	0	0	0	0	0	0.0767	0	0	0	0	0	0	0	0	0	0	0	0	0	0.193	0	0	0.2
Family_XIII_UCG-001	0	0.01	0	0	0.00667	0.0433	0.00667	0	0	0.03	0.0233	0	0	0	0	0	0	0	0.02	0	0	0	0	0	0	0	0	0	0.0167	0.01	0	0	0.0233	0.00333	0.03	0	0	0	0.00333	0	0	0	0.03	0.00667	0	0.00667	0	0	0	0	0	0	0	0	0.00333	0.2
Variovorax	0.00333	0	0.01	0	0	0	0.00333	0	0	0	0.00333	0	0	0	0	0	0	0	0	0.01	0	0	0	0	0	0	0	0	0.00667	0	0	0	0	0	0	0	0	0	0	0	0	0	0	0	0	0	0	0	0	0	0	0	0	0	0	0.1
Vibrio	0	0	0	0	0	0	0	0	0	0	0	0	0	0	0	0.00333	0	0	0	0	0	0	0	0	0	0.01	0.00333	0	0	0	0	0	0	0	0	0	0	0	0.00667	0	0.00333	0	0	0	0	0	0	0	0	0	0	0	0.00333	0	0	0.1
Prevotella_9	0	0	0	0	0	0	0	0	0	0	0	0	0	0	0	0	0	0.1	0.00333	0.0167	0.00667	0	0	0	0	0	0	0	0	0	0	0	0	0	0	0	0	0	0	0	0	0	0	0	0	0	0	0	0	0	0	0	0	0	0	0.1
Albidiferax	0	0	0	0	0	0	0	0	0	0	0	0	0	0.00333	0	0	0	0	0	0	0	0	0	0	0	0	0	0	0	0	0	0	0	0	0	0	0	0	0	0	0	0	0	0	0	0	0	0	0	0	0	0	0	0	0	0.1
Trueperella	0	0	0	0	0	0	0	0	0	0	0	0	0	0	0	0	0	0	0	0	0	0	0	0	0	0	0	0	0	0	0	0	0	0	0	0	0	0	0	0	0	0	0	0	0	0	0	0	0	0	0	0	0.0333	0	0	0.1
Pseudochrobactrum	0	0	0	0	0	0	0	0	0	0	0	0	0	0	0	0	0	0	0	0	0	0	0	0	0	0	0	0	0	0	0	0	0	0	0	0	0	0	0	0	0	0	0	0	0	0	0.00333	0	0	0.01	0	0	0	0	0	0.1
Prevotellaceae_UCG-004	0	0	0	0	0	0.00333	0	0	0	0	0	0	0	0	0	0	0	0	0	0	0	0	0	0	0	0	0	0	0	0.00333	0	0	0	0	0	0	0	0	0	0	0	0	0	0	0	0	0	0	0	0	0	0	0	0	0	0.1
Shinella	0.00333	0	0	0	0	0	0	0	0	0	0	0	0	0	0	0	0	0	0	0	0	0	0	0	0	0	0	0	0	0	0	0	0	0	0	0	0	0	0	0	0	0	0	0	0	0	0	0	0	0	0	0	0.02	0	0	0.1
Turneriella	0	0	0	0	0	0	0	0	0	0	0	0	0.00333	0	0	0	0	0	0	0	0	0	0	0	0	0	0	0	0	0	0	0	0	0	0	0	0	0	0	0	0	0	0	0	0	0	0	0	0	0	0	0	0.0267	0	0	0.1
Weissella	0	0	0	0.09	0	0	0	0	0	0	0	0	0	0	0	0	0	0	0	0.00333	0	0	0	0	0	0	0	0	0	0	0	0	0	0	0	0	0	0	0	0	0	0	0	0	0	0	0	0	0	0	0	0	0	0	0	0.1
[Eubacterium]_coprostanoligenes_group	0	0	0	0	0.01	0	0	0	0	0	0	0	0	0	0	0	0	0	0.0167	0.00333	0.00333	0.0167	0	0	0	0.00333	0	0	0	0	0	0	0	0.0167	0	0	0	0	0	0	0	0.0367	0.00333	0	0	0	0	0	0	0	0	0	0	0	0	0.1
[Eubacterium]_brachy_group	0	0	0.443	0	0	0.813	0.0333	0.00667	0	0.137	0.513	0	0.00333	0	0	0	0	0	0	0	0	0	0.08	0.00333	0.0333	0	0	0	0	0	0	0	0.203	0	0.27	0.0133	0.00333	0.00667	0	0	0	0	0	0	0	0	0	0	0	0	0	0	0.09	0.03	0.0567	0.1
Alysiella	0	0.0267	0.0933	0	0	0	0	0	0	0.02	0.00667	0	0	0	0	0	0	0	0.0167	0.00333	0.07	0	0	0	0	0	0	0	0.0833	0	0	0	0.117	0	0.123	0	0	0	0	0	0	0	0.08	0	0	0	0	0	0	0	0	0	0.00333	0	0	0.1
Porphyrobacter	0	0	0	0	0	0	0	0	0	0	0	0	0	0	0	0	0	0	0.01	0	0	0	0	0	0	0.00333	0	0	0	0	0	0	0	0	0	0	0	0	0.00333	0	0	0	0	0	0	0	0.00333	0	0	0.00333	0	0	0.0133	0	0	0.1
arsenic-oxidizing_bacterium_A01	0	0	0.00667	0	0	0	0	0	0	0	0	0	0	0	0	0	0	0	0	0	0.04	0	0	0	0	0	0	0	0	0	0	0	0	0	0	0	0	0	0	0	0	0	0	0	0	0	0	0	0.00333	0	0	0.01	0	0.00333	0	0.1
Alkanindiges	0	0	0	0	0	0	0	0	0	0	0	0	0	0	0	0	0	0	0	0.00333	0.0533	0	0	0	0	0.00667	0	0	0	0	0	0	0	0	0	0	0	0	0	0	0	0	0	0	0	0	0	0	0	0	0	0	0	0	0	0.1
Wolinella	0	0	0	0	0.00667	0	0	0	0	0	0	0	0	0	0	0	0	0	0.0233	0.00667	0.0133	0	0	0	0	0	0	0	0.00333	0.00333	0	0	0	0	0.00667	0	0	0	0	0	0	0	0.00333	0.00333	0.00333	0	0	0	0	0	0	0	0	0	0	0.1
Xenophilus	0	0.00667	0	0	0	0	0	0	0	0	0	0	0	0.00333	0	0	0.00667	0.00333	0	0	0	0	0	0	0	0	0	0	0	0	0	0	0	0	0	0	0	0	0	0	0	0.00333	0	0	0	0	0.00333	0	0.00333	0.00333	0.00333	0	0	0	0	0.1
Alloscardovia	0	0	0	0	0	0	0.0567	0.183	0	0.03	0.0233	0.00333	0.02	0	0	0	0	0	0	0	0	0	0.0167	0.00333	0.0333	0	0	0	0	0	0	0	0.0133	0	0.00667	0	0.00333	0.00667	0	0	0	0	0	0	0	0	0	0	0	0	0	0	0	0.0967	0.127	0.1
Shewanella	0	0	0	0	0	0	0	0	0	0	0	0	0	0	0	0	0	0.00333	0	0	0	0	0	0	0	0	0	0	0	0	0	0	0	0	0	0	0	0	0	0	0	0	0	0	0	0	0	0	0	0.00667	0.00333	0	0.0233	0	0	0.1
Sporosarcina	0.0167	0	0	0.0167	0	0	0	0	0.0267	0	0	0	0	0.03	0.00667	0	0.0267	0.00667	0	0	0	0.01	0	0	0	0	0	0	0	0	0	0	0	0.0133	0	0	0	0	0	0	0	0.01	0	0	0	0	0.0133	0.0167	0.0167	0.03	0.0233	0	0	0	0	0.1
Sporolactobacillus	0	0	0	0	0	0	0	0	0	0	0	0	0	0	0	0	0	0	0.01	0.0133	0.0133	0	0	0	0	0.00333	0	0	0.00667	0.00667	0	0	0	0	0	0	0	0	0	0	0	0	0	0	0	0	0	0	0	0.00333	0	0	0	0	0	0.1
Stappia	0	0.01	0.02	0	0.00667	0	0	0	0	0.02	0.03	0.00333	0	0.00333	0	0	0.00333	0	0.15	0.0233	0.0233	0	0	0	0	0.0167	0	0	0	0	0	0	0	0.00333	0	0	0	0	0	0	0	0	0.00667	0	0	0	0	0	0	0	0	0.0233	0.0467	0	0.00333	0.1
Slackia	0	0.00667	0	0	0	0	0	0	0	0.00333	0.00667	0	0	0	0	0	0	0	0	0	0	0	0	0	0	0	0	0.00333	0	0.00333	0	0	0	0	0	0	0	0	0	0	0.00333	0.0267	0	0	0	0	0	0	0	0	0	0	0	0	0	0.1
Actinobacillus	0.05	1.64	0.82	0	0.00667	0.107	8.42	0.387	0.00333	0.177	0.09	0.0167	0.0167	0	0	0.00333	0	0	0.473	0.103	0.177	0.01	0.00667	0.44	0.0167	0.00667	0	0.00333	0.03	0.0167	0	0	0.0333	0.01	0.0667	0	0.287	0.0367	0.00333	0	0	0	0.68	0.0367	0	0	0	0	0	0	0	0	0	4.14	0.267	0.1
Snodgrassella	0	0	0	0	0	0	0	0	0.00333	0	0	0	0	0.00333	0	0	0.00333	0	0	0	0	0	0	0	0	0	0	0	0	0	0	0	0	0.00333	0	0	0	0	0	0	0	0	0	0	0	0	0	0	0	0	0.01	0	0	0	0	0.1
Sphaerochaeta	0	0	0	0	0	0	0	0	0	0.00333	0	0	0	0	0	0	0	0	0	0	0	0	0	0	0	0	0	0	0	0	0	0	0	0	0	0	0	0	0.00333	0	0	0	0.00333	0	0	0	0	0	0	0	0	0	0	0	0	0.1
Romboutsia	0	0	0	0	0	0	0	0	0	0	0	0	0	0	0	0	0	0	0	0	0	0	0	0	0	0	0	0	0	0	0	0	0	0.00333	0	0	0	0	0	0	0	0	0	0	0	0	0.00333	0.00333	0	0	0	0	0.0133	0	0	0.1
Solobacterium	0.01	0.123	0.203	0	0.00333	0.00333	0.34	0.39	0.00333	0.95	0.393	0.01	0.0367	0	0	0	0	0	0.0667	0.0233	0.07	0.01	0.00333	0.1	0.04	0.03	0.0733	0.00333	0.173	0.00667	0	0.0433	0.37	0.0167	0.147	0.0233	0.43	0.04	0.0333	0.0133	0.03	0.0533	0.0933	0	0.00333	0.323	0	0	0	0	0	0.2	0	0.467	0.163	0.1
Rhizobium	0	0	0	0	0	0	0	0	0	0	0.00667	0	0.00333	0	0	0	0	0	0	0.01	0.0133	0	0	0	0	0.00333	0	0	0	0	0	0	0	0	0	0	0	0	0.00333	0	0	0	0	0	0	0	0	0	0	0	0	0	0.11	0	0	0.1
Sphingobium	0.00333	0	0	0	0	0	0	0	0	0	0	0	0	0	0	0	0	0.00333	0.00333	0.0533	0.163	0	0	0	0	0.0133	0	0	0	0.00333	0	0	0	0	0	0	0	0	0.02	0	0	0	0	0	0	0	0	0	0	0	0	0	0	0	0	0.1
Rahnella	0.05	0	0	0.00333	0	0	0	0	0.0633	0	0	0.00333	0.0133	0.0433	0.0467	0	0.0367	0.0433	0	0	0.00333	0.06	0	0	0	0	0	0	0	0	0.00667	0	0	0.0367	0	0	0	0	0	0	0	0.02	0	0	0	0.00333	0.0367	0.04	0.0567	0.06	0.0367	0	0.297	0	0	0.1
Achromobacter	0	0.00333	0.00333	0	0	0	0	0	0	0	0.00333	0	0.00333	0	0	0	0.00333	0.0167	0.0867	0	0.0233	0	0	0	0	0.06	0	0	0	0	0	0	0	0.00333	0	0	0	0	0.00333	0	0	0	0	0	0	0	0	0	0	0.00667	0	0.00667	0	0	0	0.1
Thermomonas	0	0	0	0	0	0	0	0	0	0	0	0	0	0	0	0	0	0	0	0	0.02	0	0	0	0	0	0	0	0	0	0	0	0.00333	0	0	0	0	0	0	0	0	0.00333	0	0	0	0	0	0	0	0	0.00333	0	0	0	0	0.1
Alkanibacter	0	0	0	0	0	0	0	0	0	0	0	0	0	0	0	0	0	0	0	0	0	0	0	0	0	0	0	0	0	0	0	0	0	0	0	0	0	0	0	0	0	0	0	0	0	0	0	0	0	0	0	0	0.0267	0	0	0.1
Trichococcus	0.00333	2.1	0.677	0.00667	1.28	0.0767	1.52	0.333	0.00667	1.21	0.643	0.08	0.0367	0.01	0.00333	0	0.01	0.0133	1.51	0.303	0.93	0.0467	12.6	0.0433	0.01	17.7	0.33	0.0133	2.33	5.46	1.55	0.663	0.783	0.0733	0.49	39.1	0.0533	0.04	10.4	0.05	0.0233	0.00667	1.2	3.36	1.13	0.683	0.00333	0.0167	0.04	0.00333	0.00667	0.563	0.363	0.103	0.03	0.1
Pseudoclavibacter	0	0	0	0	0	0	0	0	0	0.00667	0	0	0	0	0	0	0.00333	0	0	0	0	0	0	0	0	0	0	0	0	0	0	0	0	0	0	0	0	0	0	0	0	0.00333	0	0	0	0	0	0	0	0.0133	0	0	0.00333	0	0	0.1
Pseudoramibacter	0	0	0	0	0.01	0.0267	0	0	0	0	0	0	0	0	0	0	0	0	0	0.01	0	0	0.03	0	0	0	0	0	0.01	0.00667	0	0	0.00333	0	0	0	0	0	0	0	0	0	0.00333	0.00667	0	0	0	0	0	0	0	0.00333	0	0	0	0.1
Pyramidobacter	0	0.00333	0	0	0.0133	0	0	0	0	0	0	0	0	0	0	0	0.00667	0	0.0267	0.00333	0	0.0167	0	0	0	0.00333	0	0	0	0.00667	0	0	0	0.0233	0	0	0	0	0.00667	0	0	0.00333	0.02	0	0	0	0	0	0	0	0	0.00333	0	0	0	0.1
Salegentibacter	0	0	0.01	0	0	0.00333	0	0	0	0.00333	0.00667	0	0	0	0	0	0	0	0.02	0	0.01	0	0	0	0	0	0	0	0	0	0	0	0	0	0	0	0	0	0	0	0	0	0	0	0	0	0	0	0	0	0	0.00333	0.00333	0	0	0.1
Scardovia	0	0	0	0	0.01	0	0	0.00333	0	0	0	0	0	0	0	0	0	0	0.00667	0.00333	0	0	0	0	0	0	0	0	0.0267	0.0233	0	0	0	0	0	0	0	0	0	0	0	0	0.00333	0.0167	0	0	0	0	0	0	0	0	0	0	0.01	0.1
Alkaliphilus	0.0267	0	0	0	0	0	0	0	0.0533	0	0	0	0	0.0433	0.01	0	0.0367	0.0467	0	0	0	0.0267	0	0	0	0	0	0	0	0	0	0	0	0.0267	0	0	0	0	0	0	0	0.00333	0	0	0	0	0.0333	0.02	0.05	0.0367	0.0133	0	0.07	0	0	0.1
Tepidimonas	0	0	0	0.00333	0	0	0	0.00333	0.01	0	0	0	0	0	0	0	0.00333	0.00333	0	0	0	0.00333	0	0	0	0	0	0	0	0	0	0	0	0	0	0	0	0	0	0	0	0.00333	0	0	0	0	0	0	0	0.00333	0	0	0.01	0	0	0.1
Piscinibacter	0	0	0	0	0	0	0	0	0	0	0	0	0	0	0	0	0	0	0	0	0	0	0	0	0	0	0	0	0	0	0	0	0	0	0	0	0	0	0	0	0	0	0	0	0	0	0	0	0	0	0	0	0.0233	0	0	0.1
Dyadobacter	0	0	0	0	0	0	0	0	0	0	0	0	0.00667	0	0	0	0	0	0	0	0	0	0	0	0	0	0	0	0	0	0	0	0	0	0	0	0	0	0	0	0	0	0	0	0	0	0	0	0	0	0	0	0.15	0	0	0.1
Diaphorobacter	0.01	0.00667	0	0	0	0	0	0	0.00333	0	0.00333	0	0	0.00667	0	0	0.00333	0.00333	0.00667	0.01	0	0.00667	0.00333	0	0	0	0	0	0	0	0	0	0	0	0	0.00333	0	0	0	0	0	0.00333	0.00333	0	0	0	0.00333	0.00333	0.00667	0.00667	0.00333	0	0.0333	0	0	0.1
Eikenella	0.00333	0	0.09	0.01	0.00667	0.103	0.12	0.183	0	0.02	0.03	0	0.02	0	0.00333	0.0167	0.00667	0.00333	0	0.00667	0.0167	0.0267	2.94	0.31	0.27	0.797	0.227	0.16	0.00333	0.0267	0.00333	0	0.0167	0.02	0.0433	0.497	0.223	0.2	6.79	0.42	0.537	0.127	0.01	0	0	0.0167	0	0.00333	0	0	0	0	0.57	0.167	0.1	0.1
Eggerthia	0	0.01	0.0133	0	0.0133	0	0	0	0	0	0	0	0	0	0	0	0	0	0.05	0.00667	0	0	0	0	0	0	0	0	0.01	0.00667	0	0	0.00333	0	0.0133	0	0	0	0	0	0	0.0233	0.0167	0	0	0.00667	0	0	0	0	0	0.0133	0	0	0	0.1
Desulfobulbus	0	0	0.00667	0	0	0.0167	0	0	0	0	0	0	0	0	0	0	0	0	0	0	0	0	0.0133	0	0	0	0	0	0.00667	0	0	0	0	0	0	0	0	0	0	0	0	0	0.01	0	0	0.00333	0	0	0	0	0	0	0.00333	0	0	0.1
Delftia	0.00667	0.01	0.02	0.06	0	0.00667	0.00333	0	0.0567	0.0233	0.0567	0.00333	0	0.0133	0.00333	0.0167	0.0133	0.0133	0.373	0.46	0.817	0.04	0	0	0	2.78	0	0	0.0167	0.00667	0	0	0.00667	0.0433	0.00667	0	0	0	1.2	0	0.00667	0	0.0267	0	0.00333	0	0.01	0.0167	0.01	0.02	0	0.00667	0.0133	0	0	0.1
Devosia	0	0	0	0	0	0	0	0	0	0	0	0	0	0	0	0	0	0.00333	0	0	0	0	0	0	0	0	0	0	0	0	0	0	0	0.00333	0	0	0	0	0	0	0	0	0	0	0	0	0	0	0	0.00333	0	0	0	0	0	0.1
Desulfomicrobium	0	0	0.673	0	0	0.117	0	0	0	0.04	0.107	0.00667	0	0	0	0	0	0	0	0	0	0	0.0267	0	0	0	0	0	0	0	0	0	0	0	0.0267	0.00333	0	0	0	0	0	0	0	0	0	0	0	0	0	0	0	0	0.0367	0	0	0.1
Elizabethkingia	0	0	0	0	0	0.0867	0	0	0	0.267	0.0167	0	0	0	0	0	0	0	0	0	0	0	0	0	0	0	0	0	0	0	0	0	0	0	0	0	0	0	0	0	0	0	0	0	0	0	0	0	0	0	0	0	0	0	0	0.1
Escherichia-Shigella	0	0	0	0	0	0	0.00667	0.0267	0	0.853	0.0533	1.48	23.5	0	0	0	0	0	0	0.01	0.0133	0	0	0	0	0	0	0	0	0	0.00667	0	0	0	0	0	0.00333	0.00333	0	0	0	0	0	0	0.00667	0.00333	0	0	0	0.00333	0	0.00667	0.01	0.0233	0.0133	0.1
Erythrobacter	0	0.00667	0.00667	0	0	0	0	0	0	0.0167	0.02	0	0.00667	0	0	0	0	0.00333	0.0233	0.00333	0.0533	0	0	0	0	0.01	0	0	0	0	0	0	0	0	0	0	0	0	0	0	0	0	0.00333	0	0	0	0	0	0	0	0	0.00667	0.0233	0	0	0.1
Family_XIII_AD3011_group	0	0	0	0	0	0	0	0	0	0	0	0	0	0.00333	0	0	0	0	0	0	0	0	0	0	0	0	0	0	0	0	0	0	0	0	0	0	0	0	0	0	0	0	0	0	0	0	0	0	0	0	0	0	0.01	0	0	0.1
Exiguobacterium	0	0.02	0	0.0367	0	0	0	0	0.00333	0	0	0	0	0	0	0	0.00333	0.01	0	0	0.01	0	0	0	0	0	0	0	0	0	0	0	0	0	0	0	0	0	0	0	0	0	0	0	0.0267	0	0	0.00333	0	0.01	0.00333	0	0	0	0	0.1
Eremococcus	0	0	0	0	0	0	0	0	0	0	0	0	0	0	0	0	0	0	0	0.00333	0.0267	0	0	0	0	0	0	0	0	0	0	0	0	0	0	0	0	0	0	0	0	0	0	0	0	0	0	0	0	0	0	0	0	0	0	0.1
Empedobacter	0.01	0	0	0	0	0	0	0	0.01	0	0	0	0.08	0.01	0.00667	0	0.00667	0.00333	0	0	0	0.0133	0	0	0	0	0	0	0	0	0	0	0	0.01	0	0	0	0	0	0	0	0.00333	0	0	0	0	0.00667	0.00667	0.0167	0.00333	0.00667	0	1.82	0	0	0.1
Erysipelotrichaceae_UCG-004	0	0	0	0	0	0	0	0	0	0	0	0	0	0	0	0	0	0	0	0	0	0	0	0	0	0	0	0	0.00333	0.00333	0	0	0	0	0	0	0	0	0	0	0	0	0.00333	0.00333	0	0	0	0	0	0	0	0	0	0	0	0.1
Erysipelotrichaceae_UCG-003	0	0	0	0	0	0	0	0	0	0	0	0	0	0	0	0	0	0	0	0	0.00667	0	0	0	0	0	0	0	0	0	0	0	0	0	0	0	0	0	0	0	0	0	0	0	0	0	0	0	0	0	0	0	0	0	0	0.1
Blautia	0	0	0	0	0	0	0	0	0.00333	0	0	0	0	0	0	0	0	0.00667	0	0.01	0	0	0	0	0	0	0	0	0	0	0	0	0	0	0	0	0	0	0	0	0	0	0	0	0	0	0	0	0	0	0	0	0	0	0	0.1
Caenimonas	0.01	0	0	0	0	0	0	0	0	0.00333	0.00333	0	0	0.00667	0	0	0.00333	0.00667	0	0	0	0.00333	0	0	0	0	0	0	0	0	0	0	0	0	0	0	0	0	0	0	0	0	0	0	0	0	0	0.00333	0	0.01	0	0	0.00333	0	0	0.1
Blastocatella	0	0	0	0	0	0	0	0	0	0	0	0	0	0	0	0	0	0	0.01	0	0	0	0	0	0	0	0	0	0	0	0	0	0	0	0	0	0	0	0	0	0	0	0	0	0	0	0	0	0	0	0	0	0.01	0	0	0.1
Candidatus_Methanomethylophilus	0	0	0	0	0	0	0	0	0	0	0	0	0	0	0	0	0	0	0	0.0167	0	0	0	0	0	0	0	0	0.00333	0	0	0	0	0	0	0	0	0	0.00333	0	0	0	0	0	0	0	0	0	0	0	0	0	0	0	0	0.1
Brevibacterium	0	0	0	0	0	0	0	0	0	0	0.00667	0	0	0	0	0.00333	0	0	0	0	0	0	0	0	0	0	0	0	0	0	0	0	0	0	0	0	0	0	0	0	0	0	0	0.00333	0	0	0	0	0	0	0	0	0	0	0	0.1
Brevibacillus	0.02	0	0	0	0	0	0	0	0	0	0	0	0	0.01	0.0167	0	0.01	0.02	0	0	0	0.0133	0	0	0	0	0	0	0	0	0	0	0	0.01	0	0	0	0	0	0	0	0.00333	0	0	0	0	0.00333	0.02	0.01	0.02	0.0167	0	0.01	0	0	0.1
Bulleidia	0	0.01	0.0767	0	0.00333	0.13	0.00333	0.05	0	0.0133	0.0867	0	0	0	0	0	0	0	0.02	0.00667	0	0	0	0	0.01	0	0	0	0.01	0.00667	0	0.00667	0.0133	0	0.0633	0.00333	0	0.01	0	0	0	0	0.0467	0	0	0.323	0	0	0	0	0	0.24	0.00333	0	0.0767	0.1
Bryobacter	0	0	0	0	0	0	0	0	0	0	0	0	0	0	0	0	0	0	0	0	0.00667	0	0	0	0	0.0133	0	0	0	0	0	0	0	0	0	0	0	0	0	0	0	0	0	0	0	0	0	0	0	0	0	0	0	0	0	0.1
Carnobacterium	0.603	0	0	0	0	0	0	0	0.63	0	0	0	0.02	0.657	0.41	0	0.633	0.59	0	0.00333	0	0.523	0	0	0	0	0	0	0	0	0	0	0	0.577	0	0	0	0	0	0	0	0.203	0	0	0	0	0.55	0.623	0.6	0.68	0.597	0	0.217	0	0	0.1
Corynebacterium	0.00333	0	0	0.00333	0	0	0	0	0.00333	0	0.00333	0.01	0	0	0	0	0	0.00333	0.00333	0	0.00667	0.00667	0	0	0	0.01	0	0	0	0	0	0	0	0	0	0	0	0	0.00333	0	0	0	0	0	0	0	0	0	0	0	0	0	0	0	0	0.1
Coprococcus_1	0	0	0.00667	0	0	0.00333	0	0	0	0.0567	0	0	0	0	0	0	0	0	0	0	0	0	0	0	0	0	0	0	0	0	0	0	0.0133	0	0.03	0	0	0	0	0	0	0	0	0	0	0	0	0	0	0	0	0	0.00333	0	0	0.1
Dechloromonas	0	0	0	0	0	0	0	0	0.00333	0	0	0	0.04	0	0	0	0	0	0	0.00667	0	0.00667	0	0	0	0	0	0	0	0	0	0	0	0	0	0	0	0	0	0	0	0	0	0	0	0	0	0	0	0	0	0	1.37	0	0	0.1
Cupriavidus	0	0	0	0	0	0	0	0	0	0	0	0	0	0	0	0	0	0	0	0	0	0.00333	0	0	0	0.03	0	0	0	0	0	0	0	0	0	0	0	0	0.00667	0	0	0	0	0	0	0	0	0	0	0	0	0	0.0167	0	0	0.1
Chitinophaga	0	0.00333	0	0.107	0	0	0	0	0.02	0.0267	0.00333	0	0.00333	0.0167	0.00667	0.0667	0.00667	0.0167	0.273	0.447	1.29	0.0367	0.00333	0	0	1.92	0	0	0.01	0.0133	0	0	0	0.05	0	0	0	0	1.36	0	0	0	0.05	0	0	0.00333	0	0	0.00333	0.00333	0	0.00667	0	0	0	0.1
Bilophila	0	0	0	0	0.01	0	0	0	0	0	0	0	0	0	0	0	0	0	0.00667	0	0	0	0	0	0	0	0	0	0	0	0	0	0	0	0	0	0	0	0	0	0	0	0.00667	0	0	0	0	0	0	0	0	0.00667	0	0	0	0.1
Clostridiales_bacterium_canine_oral_taxon_260	0	0	0	0	0.04	0	0	0	0	0	0	0	0	0	0	0	0	0	0.0333	0.00667	0.0267	0	0	0	0	0	0	0	0.00333	0.00333	0	0	0	0	0	0	0	0	0	0	0	0	0.117	0.00667	0	0	0	0	0	0	0	0	0	0	0	0.1
Cloacibacterium	0	0	0	0.00333	0	0	0	0	0	0	0	0	0	0	0	0	0	0	0	0	0	0	0	0	0	0	0	0	0	0	0	0	0	0	0	0	0	0	0	0	0	0	0	0	0	0	0	0	0	0	0	0	0.05	0	0	0.1
Finegoldia	0	0	0.0367	0	0	0	0	0	0	0.257	2.59	0.113	0.01	0	0	0	0	0	0	0	0	0	0	0	0	0	0	0	0	0	0	0	0	0	0	0	0	0	0	0	0	0	0	0	0	0	0	0	0	0	0	0	0	0	0	0.1
Nitratireductor	0	0	0.00667	0	0	0	0	0	0	0.00333	0.00667	0	0	0	0	0	0	0	0.0133	0	0	0	0	0	0	0.00667	0	0	0	0	0	0	0	0	0	0	0	0	0	0	0	0	0	0	0	0	0	0	0	0	0	0	0.0133	0	0	0.1
Negativicoccus	0	0	0	0	0	0	0	0	0	0.00333	1.67	0.0467	0	0	0	0	0	0	0	0	0	0	0	0	0	0	0	0	0	0	0	0	0	0	0	0	0	0	0	0	0	0	0	0	0	0	0	0	0	0	0	0	0	0	0	0.1
Nordella	0	0	0	0	0	0	0	0	0	0	0	0	0	0.00333	0	0	0	0	0	0.00333	0.0267	0	0	0	0	0.0567	0	0	0	0	0	0	0	0.00333	0	0	0	0	0.0233	0	0	0	0	0	0	0	0	0	0	0	0	0	0	0	0	0.1
Nitrobacter	0	0	0	0	0	0	0	0	0	0	0	0	0	0.00333	0	0	0	0	0.01	0.01	0.0233	0	0	0	0	0.0367	0	0	0	0	0	0	0	0	0	0	0	0	0.0267	0	0	0	0	0	0	0	0	0	0	0	0	0	0	0	0	0.1
Murdochiella	0	0	0	0.00667	0.01	0	0	0	0.00333	0	0	0	0	0	0	0	0.02	0	0.01	0.01	0.02	0.00333	0	0	0	0.00667	0.0233	0.02	0.00333	0.0467	0	0.00333	0	0.00333	0	0	0	0	0.0167	0.02	0.113	0.333	0.0133	0.00333	0	0.15	0	0.00333	0	0	0	0.02	0	0	0	0.1
Moraxella	0.17	0	0	0.0433	0	0	0.0233	0	0.11	0	0.0133	0	0.07	0.19	0.0433	0	0.147	0.17	0	0.00333	0.04	0.12	0	0	0	0	0	0	0	0	0	0	0	0.11	0	0	0	0	0.00333	0	0	0.0167	0	0	0	0	0.18	0.123	0.0933	0.157	0.2	0	3.62	0	0	0.1
Myxococcus	0	0	0	0	0	0	0	0	0	0	0	0	0.00333	0	0	0	0	0	0	0	0	0	0	0	0	0	0	0	0	0	0	0	0	0	0	0	0	0	0	0	0	0	0	0	0	0	0	0	0	0	0	0	0.0867	0	0	0.1
Mycobacterium	0	0	0	0	0	0	0	0	0	0	0	0	0	0	0	0.00333	0	0	0	0	0.00333	0	0	0	0	0.00667	0	0	0	0	0	0	0	0	0	0	0	0	0.01	0	0	0	0	0	0	0	0	0	0	0	0	0	0	0	0	0.1
Odoribacter	0	0	0.02	0	0	0.0867	0	0	0	0.00333	0.01	0	0	0	0	0	0	0	0	0	0	0	0.0133	0	0	0	0	0	0	0	0	0	0	0	0.0167	0.00333	0	0	0	0	0	0	0	0	0	0	0	0	0	0	0	0	0.00667	0.00667	0	0.1
Peptostreptococcus	0	0.58	0.207	0.00333	0.613	0.03	0.163	0.243	0.00333	0.633	0.127	0.00667	0.04	0.00333	0	0	0.05	0.00667	0.507	0.1	0.07	0.0367	0	0.00333	0.0667	0.153	0.833	0.427	0.2	0.673	0.0167	0.19	0.08	0.0467	0.35	0.00667	0	0.0867	0.34	0.463	3.8	0.443	0.353	0.477	0.05	0.757	0.00333	0.01	0.00333	0	0	0.64	0.01	0.0667	0.637	0.1
Peptococcus	0	0.0233	0.0533	0.00333	0.00667	0.0433	0	0	0	0.0933	0.07	0	0	0	0	0	0	0	0.14	0.02	0.00333	0	0.00333	0	0	0	0	0	0.0433	0.00667	0	0.00333	0.06	0	0.0933	0	0	0	0.01	0	0	0.00333	0.24	0.01	0	0.18	0	0	0	0	0	0.09	0.00667	0	0	0.1
Photobacterium	0	0	0	0.02	0	0	0	0	0	0	0	0	0	0	0	0	0	0	0	0	0	0	0	0	0	0.00667	0.00333	0.0167	0	0	0	0	0	0	0	0	0	0	0	0.00333	0.01	0	0	0	0	0	0	0	0	0	0	0	0	0	0	0.1
Phocaeicola	0	0	0.0133	0.00333	0.0433	0.00333	0	0	0	0	0.01	0	0	0	0	0	0	0	0.113	0.0333	0	0.157	0	0	0	0.113	0.00333	0	0.0733	0.04	0	0	0	0.107	0.00333	0	0	0	0.413	0.00333	0	0.00667	0.12	0.0667	0	0.01	0	0	0	0	0	0.00333	0	0	0	0.1
Pedobacter	0	0	0	0	0	0	0	0	0	0	0	0	0	0	0	0	0	0	0	0	0	0.00333	0	0	0	0	0	0	0	0	0	0	0	0	0	0	0	0	0	0	0	0	0	0	0	0	0.00333	0.00333	0.00333	0	0.00333	0	0.03	0	0	0.1
Anoxybacillus	0	0	0	0	0	0	0.03	0	0	0	0	0	0.00333	0.00333	0	0	0	0.00333	0	0	0	0	0	0	0	0	0	0	0	0	0	0	0	0.00333	0	0	0	0	0	0	0	0	0	0	0	0	0	0.00667	0.01	0	0.00333	0	0.2	0	0	0.1
Pelospora	0	0	0	0	0	0.04	0	0	0	0	0.00333	0	0	0	0	0	0	0	0.00667	0	0	0	0	0	0	0	0	0	0.0133	0	0	0	0	0	0	0	0	0	0	0	0	0	0.02	0.00333	0	0	0	0	0	0	0	0	0	0	0	0.1
Pedomicrobium	0	0	0	0	0	0	0	0	0	0	0	0	0	0	0	0	0	0	0	0	0	0	0	0	0	0	0	0	0	0	0	0	0	0	0	0	0	0	0	0	0	0	0	0	0	0	0	0.00667	0.00667	0	0	0	0	0	0	0.1
Helicobacter	0	0	0	0.02	0	16.3	0.0133	0.0967	0	0.00333	0	0	0	0	0	0	0	0	0	0	0	0	0	0	0	0	0	0	0	0	0	0	0	0	0	0	0	0	0	0	0	0	0	0	0	0	0	0	0	0	0	0	0	0	0	0.1
Hafnia	0.00667	0	0	0.00333	0	0	0	0	0.00333	0	0	0	0.00333	0	0.00333	0	0.00333	0.01	0	0	0	0.00333	0	0	0	0	0	0	0	0	0	0	0	0.00333	0	0	0	0	0	0	0	0	0	0	0	0.00333	0.02	0.00667	0.0167	0.0133	0	0	0.0133	0	0	0.1
Hydrotalea	0.00333	0.01	0	0.0167	0	0.00333	0	0	0.0133	0	0.0233	0.00667	0	0.00333	0.00333	0.01	0.00667	0	0.02	0.06	0.22	0.00667	0	0	0	0.413	0	0	0.0167	0.00333	0	0	0	0.0133	0	0	0	0	0.257	0	0	0	0.00333	0	0	0	0	0	0	0.00333	0	0	0.0167	0	0	0.1
Howardella	0	0	0	0	0	0	0	0	0	0	0.0267	0	0	0	0	0	0	0	0	0	0	0	0	0	0	0	0	0	0	0	0	0	0	0	0	0	0	0	0	0	0	0	0.0167	0	0	0	0	0	0	0	0	0	0	0	0	0.1
Frigoribacterium	0.00333	0	0	0	0	0	0	0	0	0	0	0	0.00333	0	0	0	0	0	0	0	0.00333	0.00333	0	0	0	0	0	0	0	0	0	0	0	0	0	0	0	0	0	0	0	0	0	0	0	0	0	0.00333	0	0	0	0	0.0233	0	0	0.1
Firmicutes_oral_clone_MCE7_107	0	0.01	0.00667	0	0.03	0	0	0	0	0.0567	0	0	0	0	0	0	0	0	0.0833	0.0133	0.0233	0	0.00667	0.00667	0	0	0	0	0.03	0.0567	0	0	0.00667	0	0.03	0.00667	0	0	0	0	0	0	0.107	0.0633	0.00333	0.01	0	0	0	0	0	0	0.02	0	0	0.1
Granulicatella	0	2.74	0.00333	0	15.8	0	0.767	0.133	0	0	0.00333	0	0.0133	0	0	0	0	0.00333	8.07	1.4	1.11	0	0.197	0.373	0.06	0	0.01	0	0.0267	1.98	2.04	0.743	0.00333	0	0.00333	0.0467	0.49	0.67	0.02	0	0	0.00333	1.99	2.83	1.72	0.24	0	0	0	0	0	0.34	0.01	0.813	0.08	0.1
Geobacillus	0.00333	0	0	0	0	0	0.00333	0	0.00333	0	0	0	0.00667	0	0	0	0.00333	0	0	0	0	0.00333	0	0	0	0	0	0	0	0	0	0	0	0.00333	0	0	0	0	0	0	0	0	0	0	0	0	0.00333	0	0	0.00333	0.00667	0	0.05	0	0	0.1
Hyphomicrobium	0	0	0	0	0	0	0	0	0	0	0	0	0	0	0	0	0	0	0.0233	0	0.00667	0	0	0	0	0	0	0.00333	0	0	0	0	0	0	0	0	0	0	0	0	0	0	0	0	0	0	0	0	0	0	0	0	0.00667	0	0	0.1
Massilia	0.0267	0	0	0.00667	0	0	0	0	0.0367	0	0	0	0.00333	0.0333	0.0167	0	0.0333	0.0533	0	0.01	0	0.05	0	0	0	0	0	0	0	0	0	0	0	0.02	0	0	0	0	0	0	0	0.00333	0	0	0	0	0.0333	0.01	0.0233	0.0267	0.04	0	0.29	0	0	0.1
Lautropia	0	0.0267	0	0	0.01	0.0133	0	0	0	0.0667	0	0	0	0	0	0	0	0	0.00333	0.01	0.01	0.0133	0.237	0	0.00333	0.03	0	0	0	0	0	0	0.0233	0.0233	0.02	0	0	0	0.05	0	0	0	0.0233	0.00667	0	0	0	0	0	0	0	0	0.197	0.00333	0	0.1
Micrococcus	0	0	0.00333	0	0	0	0	0	0	0	0	0	0	0.00333	0	0	0	0	0	0.00667	0.0167	0.00333	0	0	0	0	0	0	0	0	0	0	0	0	0	0	0	0	0	0	0	0	0	0	0	0	0	0.00333	0	0	0	0	0.00333	0	0	0.1
Methanobrevibacter	0.00333	0	0	0	0	0	0	0	0	0	0	0	0	0	0	0	0	0	0	0	0	0.00333	0	0	0	0.00333	0	0	0	0.00333	0	0	0	0	0	0	0	0	0	0	0	0	0	0	0	0	0	0	0	0	0	0	0.00667	0	0	0.1
Klebsiella	0.00667	0.0233	0	52.6	9.92	0.00667	2.73	0.257	0.03	0.243	0.247	0.0433	2.84	0.01	14.6	30.5	0.997	0.02	0.383	1.33	0.143	0.01	23	10.4	0.09	0.513	5	3.07	0.00333	0.997	0.873	0.25	0.00333	0.00667	0.00333	0.0367	0.62	0.0267	0.47	0.4	0.563	0.42	0.0333	0.767	0.303	0.243	0.763	0.00667	0.41	0.01	0.327	39.6	0.187	0.517	3.86	0.1
Iodobacter	0	0	0	0	0	0	0	0	0	0	0	0	0	0	0.01	0	0	0	0	0	0	0	0	0	0	0	0	0	0	0	0	0	0	0	0	0	0	0	0	0	0	0	0	0	0	0	0.00333	0	0	0	0	0	0	0	0	0.1
Asaia	0	0	0	0	0	0	0	0	0	0	0	0	0	0	0	0	0	0	0	0	0	0	0	0	0	0.4	0	0	0	0	0	0	0	0	0	0	0	0	0.02	0	0	0	0	0	0	0	0	0	0	0	0	0	0	0	0	0.1
Kocuria	0	0	0	0	0	0	0	0	0	0	0.01	0	0.00333	0	0	0	0	0	0	0	0.01	0	0	0	0	0.00333	0	0	0	0	0	0	0	0	0	0	0	0	0	0	0	0	0	0	0	0	0	0	0	0	0.00333	0	0.00333	0	0	0.1
