Family	AS1	AS2	AS3	G1	G2	G3	G4	G5	N1	N10	N11	N12	N13	N2	N3	N4	N5	N6	N7	N8	N9	OC1	OC10	OC11	OC12	OC2	OC3	OC4	OC5	OC6	OC7	OC8	OC9	OP1	OP10	OP11	OP12	OP13	OP2	OP3	OP4	OP5	OP6	OP7	OP8	OP9	SD1	SD2	SD3	SD4	SD5	SD6	SD7	SD8	SD9	All
Prevotellaceae	0.147	26.5	18.2	0.747	27.5	6.68	13.5	42.4	0.0533	23.6	8	0.767	1.46	0.08	0.167	0.08	0.45	0.227	23.4	6.98	5.55	1.48	1.83	2.27	24.3	12	38.2	20	2.78	25.1	39.2	34.4	12.4	1.22	16.6	1.28	13.1	29.2	12.5	45.4	36.4	5.71	16	30	37.5	48.8	0.03	3	0.04	0.01	0.00333	22.8	1.28	16.7	19.5	11.0
Flavobacteriaceae	0.503	6.17	3.09	0.00333	1.18	0.9	5.58	1.44	0.423	1.99	0.997	0.09	0.387	0.387	0.213	0	0.403	0.54	4.39	0.677	5.54	1.48	15.9	9.91	1.23	3.72	1.7	2.51	5.49	1.48	2.44	1.69	2.77	1.37	2.11	14.6	15	2.45	13.5	1.11	0.477	0.177	5.08	1.52	0.897	0.6	0.487	0.34	0.387	0.47	0.55	0.38	4.77	6.93	2.3	6.7
Lachnospiraceae	0.00667	0.963	1.41	0.0167	0.17	0.183	0.35	1.6	0.00333	2.02	1.04	0.07	0.403	0.00333	0.00333	0.00333	0.01	0.0133	1.22	0.25	0.237	0.0533	0.0833	0.05	0.473	0.22	0.657	0.143	3.16	0.15	0.62	2.75	1.59	0.0433	1.45	0.137	0.06	0.843	3.69	2.56	1.7	0.153	5.06	0.12	2.14	6.32	0	0.213	0	0	0	1.32	0.143	0.45	0.747	4.5
Unassigned	2.81	0.477	0.0633	0.283	0.137	0.0467	0.61	0.17	3.05	0.08	0.07	0.02	0.03	2.91	1.55	0.00333	2.85	3.04	0.363	0.0867	0.113	2.83	0.283	0.697	0.0733	1.11	0.86	2.33	0.0567	0.0633	0.0867	0.0667	0.0633	2.44	0.19	0.167	0.883	0.323	0.937	0.06	0.373	1.46	0.37	0.0667	0.0233	0.243	2.9	2.52	2.8	3.12	3.8	0.173	0.207	0.48	0.29	4.3
Veillonellaceae	0.00333	11.8	2.42	0.00333	0.687	0.347	2.01	8.81	0.00667	4.65	4.45	0.257	0.457	0	0.00667	0.00667	0.0133	0.01	11.3	2.92	0.937	0.187	0.51	0.18	0.723	1.04	1.12	0.47	1.61	0.497	0.0267	0.09	2.95	0.24	2.78	0.18	0.64	8.87	2.03	5.44	9.89	0.127	10.8	0.613	0.287	6.09	0.00333	0.07	0	0	0	0.31	0.12	0.75	1.35	4.1
Bacillaceae	52.4	0.0533	0.02	2.06	0.00333	0	0.0367	0	51	0.0167	0.0367	0.00667	0.137	51	30.3	0.01	52.1	51.6	0.243	0.0633	0.13	49.4	0	0	0	0.15	0	0	0	0.0167	0.0633	0.00333	0.00333	49.6	0	0.00333	0	0.00333	0.05	0	0.02	23.9	0.02	0	0.0367	0	51.4	51.7	54	51.7	50.2	0.0133	3.1	0	0	4.1
Spirochaetaceae	0	0.223	1.14	0	0.797	1.08	0.0567	0	0	2.28	0.713	0.04	0	0	0	0	0	0.01	2.37	0.717	0.343	0.213	0.49	0.00667	0	0.317	0	0	1.99	1.16	0	0.00333	1.16	0.167	2.89	0.167	0	0	0.95	0	0	0.0533	2.88	1.47	0.0667	0.147	0	0	0	0.00333	0	0.07	0.693	0.01	0.00333	3.9
Moraxellaceae	2.08	0.03	0.0167	30.7	0.00667	0.00667	0.143	0.107	2.04	0.00333	0.0433	0	0.253	2.09	10.1	62.8	2.51	2.6	0.09	0.68	3.7	1.8	0.00333	0	0	4.06	7.41	20.3	0.00333	0.01	0	0	0	1.52	0.00667	0	0	0	1.38	0.203	1.41	0.933	0.0333	0.00333	0	0	1.98	1.66	2.21	2.48	2.83	0.00667	9.25	0	0.0333	3.0
Leptotrichiaceae	0	6.44	1.55	0.01	0.0567	0.313	0.04	0.853	0.02	6.7	2.32	0.0233	3.36	0.00333	0.0133	0.00333	0.00333	0.0233	6.86	1.52	1.56	0.28	0.143	0	0.213	0.523	0.9	0.323	6.98	0.107	0.00333	0.00333	11.3	0.343	9.96	0.227	0.00333	1.49	1.23	1.53	0.243	0.00333	7.16	0.08	0.01	0.01	0.01	0.22	0	0.00667	0	0	0.19	0.0567	1.2	3.0
Fusobacteriaceae	0.0433	3.76	20	0.177	0.18	3.17	0.00333	0.03	0.0433	8.38	5.01	0.19	0.0567	0.02	0.00667	0.05	0.173	0.0233	2.38	0.62	2.09	0.683	0.417	0.00667	0.01	0.87	12.9	3.81	11.9	0.187	0.00667	0.02	5.84	0.727	6.9	0.137	0.00667	0	2.41	19.6	19.6	3.95	6.93	0.313	0.03	0.94	0	0.0767	0.00667	0	0.00333	0.03	0.843	0.01	0.0133	2.9
Comamonadaceae	0.06	0.167	0.08	0.827	0.00667	0.0867	0.00667	0.00333	0.123	0.117	0.09	0.0167	0.08	0.0767	0.01	0.0667	0.0433	0.0633	0.787	0.973	1.55	0.1	0.0867	0.00333	0.01	5.49	0	0	0.0533	0.02	0	0	0.0333	0.113	0.0333	0.01	0	0	2.48	0	0.00667	0.0133	0.31	0.00333	0.00333	0	0.0667	0.0467	0.0433	0.08	0.0233	0.0133	1.68	0.00333	0	2.8
Streptococcaceae	31.2	3.95	6.97	7.2	0.67	1.44	1.76	0.727	31.6	4.89	4	0.207	1.51	32.3	19.2	0.00333	28.7	30.6	4.3	0.937	1.08	29.6	1.18	0.307	0.153	0.123	0.0133	0.0133	0.41	0.733	1.48	0.927	3.16	29.7	3.17	0.263	0.213	0.11	0.193	0.0267	0.03	14.2	7.23	0.42	7.31	4.21	31.9	30.2	28.9	30.9	30.6	3.92	22.7	3.96	1	2.5
Neisseriaceae	0.07	11.6	11.6	0.473	4.14	53.3	25.7	19.3	0.143	5.76	8.96	2.48	6.04	0.01	0.0367	0.0367	0.293	0.0433	8.37	3.79	5.79	0.15	3.75	44.1	60.2	1.56	10.7	32.4	18.8	10.1	25.2	40.3	11.7	0.113	8.96	1.3	22.4	25.9	7.8	2.37	3.93	31.6	11.5	16.4	15.5	7.73	0.00667	0.03	0.937	0.0133	0.01	20.4	1.04	19.3	39.3	2.2
Enterobacteriaceae	0.07	0.0367	0.02	52.8	10.1	0.01	2.93	0.417	0.1	1.82	0.513	2.37	62.7	0.06	14.7	30.5	1.05	0.09	0.47	1.37	0.243	0.0767	23.2	11.4	0.123	0.563	5.29	3.47	0.0133	1.06	0.99	0.31	0.00667	0.0633	0.00667	0.0433	0.663	0.05	0.493	0.413	0.607	0.477	0.05	0.827	0.37	0.297	0.83	0.0533	0.493	0.107	0.38	40	0.593	0.63	4.31	2.1
Porphyromonadaceae	0	1.03	1.56	0.04	0.507	1.63	0.13	0.0733	0.0133	5.16	1.2	0.04	0.0733	0	0	0.00333	0.0367	0.01	1.53	0.287	0.233	0.213	0.473	0.00667	0.13	0.307	0.303	0.613	0.48	0.603	0.00333	0.04	1.42	0.413	4.62	0.113	0.01	0.02	0.513	1.04	0.88	0.35	2.56	0.797	0.01	0.753	0	0.0333	0	0	0	0.14	1.6	0.0733	0.07	2.1
Pasteurellaceae	0.323	19.2	19.9	0.427	33.4	10.1	40.6	18.9	0.107	11.7	5.41	0.6	1.55	0.03	0.0367	0.03	1.57	0.08	12.6	3.77	21.3	1.41	33.1	30.1	11.2	3.39	14.1	12.1	40.5	49	25.7	16.4	37.6	1.61	32.6	40.5	45	28.2	3.71	14.5	12.4	11.5	12.7	39.5	32.2	17.1	0	0.08	0.393	0.00667	0	5.84	4.29	45.2	23	1.9
Sphingomonadaceae	0.00667	0.0333	0.0167	2.15	0	0.01	0.00333	0	0.01	0.0233	0.0367	0.00333	0.0133	0.00333	0.00667	0	0	0.01	0.173	0.177	0.37	0.00333	0	0	0	0.17	0	0	0	0.02	0	0	0	0.00333	0.00333	0	0	0	0.11	0	0	0	0.02	0	0	0	0.00667	0.00333	0	0.00667	0	0.0133	0.453	0	0.02	1.9
Family_XI	0.0267	0.927	3.27	0.0967	0.263	1.24	1.36	0.82	0.00667	3.99	20.6	1.12	0.207	0.01	0.00667	0.01	0.05	0.00333	1.07	0.247	0.317	0.0467	0.313	0.117	0.56	0.307	3.49	0.63	0.317	0.2	0.377	1.17	1.8	0.05	1.49	0.137	0.733	0.81	0.303	4.42	7.21	1.15	0.747	0.18	0.527	2.83	0.00333	0.0467	0.01	0	0	1.96	0.273	3.11	3.8	1.8
Family_XIII	0	0.15	0.6	0	0.203	1.07	0.0567	0.0567	0	0.69	0.767	0.0167	0.00333	0.00333	0	0	0.00333	0	0.333	0.0767	0.0467	0.04	0.16	0.00333	0.09	0.127	0.167	0.02	0.0833	0.213	0	0.00667	0.297	0.0167	0.457	0.0267	0.00667	0.0233	0.313	0.0567	0.0967	0.0833	0.25	0.0767	0.01	0.0433	0	0.00333	0	0	0	0.01	0.183	0.0633	0.08	1.7
Pseudomonadaceae	4.35	0.00333	0	0.103	0.00333	0	0.00333	0	4.31	0.00333	0.01	0	0.697	4.59	1.62	0.00333	3.78	4.72	0.0333	0.103	0.253	3.95	0.00333	0	0	0.137	0	0	0.00333	0.00333	0.00333	0	0	3.84	0	0	0	0	0.0567	0	0.00333	1.11	0	0	0.00333	0	4.33	4.12	3.92	4.64	5.09	0.00667	18.7	0	0	1.6
Paenibacillaceae	0.107	0.00333	0	0.00667	0	0	0	0	0.0867	0	0	0	0.00333	0.0933	0.0533	0	0.127	0.14	0	0.00333	0	0.103	0	0	0	0	0	0	0	0	0	0	0	0.12	0	0	0	0	0	0	0	0.05	0	0	0	0	0.0567	0.107	0.0833	0.13	0.123	0	0.113	0	0	1.4
Actinomycetaceae	0.00667	0.0833	0.237	0	0.02	0.06	0.0267	1.1	0	1.15	0.633	0.12	0.22	0.00333	0	0	0	0	0.283	0.0733	0.0533	0.0233	0.0433	0.00333	0.0267	0.0867	0.00667	0	1.08	0.02	0	0	2.32	0.0133	1.32	0.0533	0.0133	0.06	0.0733	0.01	0.00667	0.00333	2.87	0.03	0.00333	0	0	0	0	0	0	0.02	0.0833	0.0133	0.0433	1.3
Campylobacteraceae	0.00667	0.2	2.45	0.00333	0.18	0.523	0.0167	0.173	0	1.88	1.58	0.103	0.0733	0.00333	0	0	0.00333	0.00667	0.283	0.0433	0.07	0.153	0.34	0.00667	0.0267	0.77	0.727	0.35	0.427	0.23	0	0.00333	1.36	0.123	1.46	0.14	0.00667	0.0167	3.58	0.483	0.39	0.0333	0.807	0.25	0.01	0.14	0.00333	0.0167	0	0	0.01	0.0333	0.277	0.00333	0.147	1.3
Xanthomonadaceae	0.0367	0.0133	0	0.117	0.01	0	0.00333	0	0.157	0.0133	0.0367	0.01	0.507	0.06	0.02	0.0133	0.04	0.0867	0.64	1.01	2.33	0.127	0.00333	0	0	6.48	0	0.00667	0.0167	0.0133	0	0	0.00667	0.14	0	0	0	0	2.43	0	0.00667	0.0267	0.0833	0.00667	0	0.00333	0.03	0.05	0.0433	0.0633	0.0733	0.0167	10.5	0	0	1.2
Peptostreptococcaceae	0.00667	0.717	0.523	0.01	0.66	0.37	0.173	0.363	0.00667	1.75	0.457	0.00667	0.04	0.01	0.00333	0	0.0633	0.0167	0.747	0.18	0.113	0.0533	0.107	0.00667	0.143	0.197	0.903	0.46	0.52	0.793	0.02	0.217	0.46	0.08	1.2	0.0333	0.00333	0.13	0.407	0.477	3.89	0.67	1.41	0.553	0.05	1.22	0.01	0.0167	0.01	0	0.01	0.813	0.19	0.0667	0.737	1.2
Caulobacteraceae	0.05	0	0.0367	0.263	0	0.0233	0	0	0.0433	0.07	0.0233	0	0.107	0.03	0.00667	0	0.0233	0.04	0.0533	0.0833	0.187	0.0333	0	0	0	0.603	0	0	0.00667	0.00333	0	0	0	0.0567	0.00333	0	0	0	0.273	0	0.00333	0.00333	0.00667	0	0	0	0.04	0.0267	0.03	0.0367	0.04	0.00667	2.17	0.00333	0	1.1
Lactobacillaceae	0.03	0.00333	0.0133	1.05	0.00333	0.00667	0.417	0.01	0.04	0	0.00333	0	0.0133	0.0667	0.0467	0	0.0467	0.03	0	0.00333	0	0.06	0.00667	0.00333	0	0.01	0	0	0	0	0	0	0.00333	0.0333	0.0133	0	0	0	0	0	0	0.01	0.00333	0	0	0	0.0367	0.0567	0.0467	0.05	0.0567	0	0.0667	0	0	1.0
Micrococcaceae	2.11	0	0.00333	0	0	0	0	0	2.08	0	0.01	0	0.0133	2.04	0.917	0	1.97	2.2	0	0.0133	0.0267	1.73	0	0	0	0.00333	0	0	0	0	0	0	0	1.66	0	0	0	0	0.00333	0	0.00333	0.667	0.00667	0	0	0	2.39	1.69	2.09	2.32	2.53	0	0.133	0	0	1.0
Bradyrhizobiaceae	0.01	0.0133	0.00333	0	0	0	0.00333	0	0	0.00333	0.00333	0.00333	0.03	0.01	0	0	0.00667	0.00667	0.173	0.1	0.13	0.00667	0	0	0	0.103	0	0	0.01	0	0	0	0	0.00667	0	0	0	0	0.07	0	0	0	0.0133	0	0	0	0.00333	0.00333	0.0133	0.00667	0.00667	0.00667	0.297	0	0.00333	0.9
Carnobacteriaceae	0.607	4.84	1.05	0.00667	17.1	0.08	2.29	0.467	0.66	5.58	5.99	10	0.9	0.673	0.437	0	0.643	0.61	9.58	1.71	2.04	0.58	12.8	0.423	0.07	17.7	0.34	0.0133	2.35	7.44	3.59	1.41	0.79	0.65	0.497	39.2	0.543	0.713	10.5	0.05	0.0233	0.217	3.19	6.19	2.85	0.923	0.553	0.64	0.647	0.687	0.607	0.903	0.72	0.917	0.247	0.9
Erysipelotrichaceae	0.01	0.143	0.293	0	0.0267	0.133	0.343	0.44	0.00333	0.963	0.48	0.01	0.0367	0	0	0	0	0	0.17	0.04	0.0867	0.0333	0.00333	0.103	0.05	0.0533	0.0733	0.00333	0.203	0.0267	0	0.05	0.39	0.0167	0.223	0.0267	0.43	0.05	0.09	0.0133	0.03	0.0767	0.187	0.0133	0.00333	1.18	0	0	0	0	0	0.457	0.00333	0.467	0.24	0.8
Leuconostocaceae	0.267	0	0	0.107	0	0	0.0167	0	0.307	0	0	0	0.02	0.35	0.17	0.00333	0.353	0.35	0	0.00333	0	0.203	0	0	0	0	0	0	0	0	0.00333	0	0	0.227	0	0	0	0	0.00333	0	0	0.103	0	0	0	0	0.273	0.257	0.337	0.427	0.38	0	0.543	0	0	0.8
Staphylococcaceae	0.02	0.0233	0.0867	0	0.0567	0.0133	0.00333	0.01	0.533	0.567	12.8	68.4	4.16	0.0933	18.6	6.16	0.08	0.00667	2.38	68.6	27.4	0.09	0.06	0.00667	0.00333	5.44	0.00333	0	0.0333	0.05	0.03	0.00667	0.0933	0.327	0.0367	0.263	0	0.0233	2.3	0.0867	0.117	0.04	0.0267	0.0233	0.0267	0.0367	0.00667	0.02	0.06	0.00333	0.00333	0.0233	0.08	0.01	0	0.8
Coriobacteriaceae	0.00333	0.0133	0.0633	0	0.0133	0.01	0.0267	0.513	0	0.383	0.14	0.00333	0.0367	0	0	0.00333	0.00333	0	0.0567	0.00667	0.01	0.0167	0.00333	0.00333	0.02	0.0567	0.0367	0.03	0.0167	0.01	0	0	0.0633	0.0167	0.0467	0.00667	0.00667	0.21	0.13	0.16	0.24	0.157	0.0367	0.0167	0	0.0167	0	0	0	0	0	0	0.01	0.0433	0.333	0.8
Ruminococcaceae	0.00333	0.14	0.07	0	0.0133	0.00667	0	0.02	0.00333	0.143	0.167	0.0167	0.01	0	0.00667	0	0.00333	0.0333	0.15	0.0367	0.00333	0.0167	0.0133	0	0.00333	0.00333	0	0	0.0467	0.00667	0	0	0.0267	0.0167	0.06	0	0	0.01	0.00333	0	0	0.04	0.13	0.01	0	0	0	0.00333	0.00667	0	0	0	0.02	0	0.03	0.7
Aerococcaceae	0.01	0	0	0	0	0	0	0	0	0	0	0	0.00333	0.01	0.01	0	0.00333	0.00333	0	0.00333	0.04	0.0233	0	0	0	0	0	0	0	0	0	0	0	0.00333	0	0	0	0	0	0	0	0.00667	0	0	0	0	0.00333	0.02	0.0133	0.00667	0.01	0	0.0333	0	0	0.7
Bacteroidaceae	0	0	0.143	0	0.0133	0.03	0.01	0	0.00667	0.33	0.02	0	0.00333	0.00333	0	0	0	0.0433	0.0267	0.0267	0.00333	0.00667	0.00333	0	0	0	0	0	0.00333	0	0	0	0.0767	0.00333	0.167	0	0	0	0.00667	0	0	0	0.02	0.01	0	0.00333	0.00333	0.00333	0.00333	0	0	0.00667	0.04	0	0	0.7
Synergistaceae	0	0.01	0.0367	0	0.0533	0.29	0.0133	0.00667	0	0.11	0.0467	0.00333	0	0	0	0	0.00667	0	0.15	0.06	0.01	0.0167	0.21	0	0	0.00333	0	0	0.103	0.0767	0	0	0.0633	0.03	0.21	0.0467	0	0	0.0233	0	0	0.00333	0.123	0.0533	0.00667	0.0133	0	0	0	0	0	0.00333	0.0633	0.00333	0	0.6
Planococcaceae	0.637	0	0	0.0167	0	0.00333	0	0	0.66	0	0	0	0	0.75	0.47	0	0.587	0.713	0.00667	0	0	0.603	0	0	0	0.00667	0	0	0	0	0	0	0	0.577	0	0	0	0	0	0	0	0.237	0	0	0	0	0.653	0.64	0.623	0.667	0.703	0	0.02	0	0	0.6
Methylobacteriaceae	0.00333	0.0733	0.0967	0.0233	0.03	0.0633	0.00667	0.00667	0.00333	0.103	0.12	0.0233	0.00667	0.01	0	0.01	0	0.0167	0.983	0.213	0.31	0.00667	0.00333	0	0	0.263	0	0	0.03	0.00667	0	0	0.0167	0.01	0.00667	0	0	0	0.04	0.00333	0	0	0.0933	0.00333	0	0.00333	0.01	0.01	0.00667	0.0167	0	0.13	0.0533	0.00667	0	0.6
Rikenellaceae	0	0.00333	0.0167	0	0.0267	0.0333	0.02	0.00333	0.00333	0.0533	0.0167	0.0133	0	0	0	0	0	0	0.103	0.05	0.05	0.0333	0.01	0	0.00333	0.0633	0.00667	0.0133	0.11	0.0433	0	0.00333	0.0167	0.0167	0.0733	0.00667	0	0.00333	0.18	0	0.0133	0.0167	0.237	0.0933	0	0.01	0.00667	0.00333	0	0	0	0	0.05	0.00667	0.00667	0.6
Rhodobacteraceae	0.00667	0.0533	0.0533	0	0.01	0.00333	0	0	0.00333	0.03	0.0867	0.00667	0	0.00333	0	0	0.0133	0.00667	0.247	0.04	0.06	0.00333	0.00333	0	0	0.0167	0	0	0	0	0	0	0	0.00333	0.01	0	0	0	0.00667	0	0.00333	0	0.00667	0	0	0	0.00333	0	0	0.00333	0.00333	0.0433	0.117	0	0.00333	0.6
Enterococcaceae	1.44	0.0133	0	0.03	0.0733	0	0.0333	0.00333	1.57	0	0	0.00333	0.14	1.59	0.98	0	1.44	1.42	0.02	0.00667	0.00333	1.4	0.12	0.00333	0	0.57	0	0	0	0.0333	0.03	0	0.00333	1.54	0	0.12	0.00333	0.00333	0.297	0	0	0.537	0.0133	0.0167	0.0233	0.0233	1.48	1.55	1.35	1.5	1.35	0.00667	3.54	0.00333	0	0.6
Corynebacteriaceae	0.00333	0	1.99	0.00333	0	0	0	0	0.09	2.19	12.7	12.9	14	0.0267	0.0333	0.1	0	0.00333	0.157	0.617	13.6	0.00667	0	0	0	0.0233	0	0	0	0.00333	0	0	0.00333	0.00333	0.00667	0	0	0.01	0.00667	0	0	0	0.00333	0	0	0	0	0	0	0	0	0	0	0.00333	0.00333	0.6
Mycoplasmataceae	0	0	0.0467	0	0.163	0.12	0.137	0.557	0	0.107	0.0467	0.01	0.0133	0	0	0	0.00333	0	0.157	0.00667	0.0167	0	0.297	0.00667	0.04	0.0267	0.00333	0.0133	0.0267	0.117	0	0.00333	0.06	0	0.14	0.0867	0.0867	0.347	0.0267	0.01	0.01	0.0133	0.103	0.09	0	0.0833	0	0.00333	0	0	0	0.00333	0.323	0.16	0.733	0.4
Bifidobacteriaceae	0	0	0	0	0.01	0	0.387	0.187	0.00667	0.03	0.0233	0.00333	0.02	0	0	0	0.00333	0.00667	0.00667	0.00333	0	0	0.0167	0.00333	0.0333	0	0	0	0.0267	0.0233	0	0	0.0133	0	0.00667	0	0.00333	0.00667	0	0	0	0	0.00333	0.0167	0	0	0	0.00333	0	0	0	0	0.00333	0.0967	0.137	0.4
Desulfovibrionaceae	0.00333	0	0	0	0.0167	0.0233	0.00667	0	0	0.0233	0.0233	0	0	0.00667	0	0	0	0	0.0867	0.02	0	0	0	0	0	0	0	0	0.0167	0.00667	0	0	0.00333	0	0.07	0	0	0	0	0	0	0	0.0167	0.00333	0.00333	0	0	0	0	0.00333	0	0.00667	0.00667	0	0	0.4
Chitinophagaceae	0.00333	0.0133	0	0.123	0	0.00333	0	0	0.0333	0.0267	0.0267	0.00667	0.00333	0.02	0.01	0.0767	0.0133	0.0167	0.293	0.507	1.51	0.0433	0.00333	0	0	2.34	0	0	0.0267	0.0167	0	0	0	0.0633	0	0	0	0	1.62	0	0	0	0.0533	0	0	0.00333	0	0	0.00333	0.00667	0	0.00667	0.197	0	0	0.4
Clostridiaceae_1	0.00667	0.0267	0	0	0.0167	0	0	0	0.00667	0	0	0	0	0.00333	0.00667	0	0.00333	0.00667	0.00667	0.0667	0.0767	0.00333	0	0	0	0	0	0	0.0267	0.0267	0.0533	0.0333	0	0.00333	0	0	0	0	0	0	0	0.00333	0.02	0	0.02	0	0.00333	0.00333	0	0.01	0.0267	0.0267	0.0333	0	0	0.4
Burkholderiaceae	0.02	0.0267	0.01	0	0.01	0.0133	0.00667	0	0.01	0.0667	0	0	0.00333	0.0267	0	0	0.01	0.0167	0.00667	0.01	0.01	0.03	0.237	0.00333	0.00333	0.0767	0	0	0	0	0	0	0.03	0.03	0.0567	0	0	0	0.06	0	0	0.00333	0.0233	0.00667	0	0	0.01	0.02	0.00667	0	0.00667	0	0.267	0.01	0.00333	0.4
Acholeplasmataceae	0	0	0.0133	0	0.0167	0.0133	0.00667	0	0	0	0	0	0	0	0	0	0	0	0.0233	0.00333	0	0	0.00333	0	0	0	0	0	0.0267	0.00333	0	0	0.00333	0	0.0133	0.00667	0	0	0	0	0	0	0.02	0.0133	0	0.00667	0	0	0	0	0	0.00333	0.0133	0	0.00333	0.3
Sphingobacteriaceae	0.01	0	0	0	0	0	0	0	0.00667	0	0	0	0.0133	0.00667	0	0	0.00333	0.01	0	0	0	0.00333	0	0	0	0	0	0	0	0	0	0	0	0	0	0	0	0	0	0	0	0.00333	0	0	0	0	0.00667	0.00667	0.00333	0.00667	0.0167	0	0.167	0	0	0.3
Anaerolineaceae	0	0	0	0	0	0	0	0	0	0	0	0	0	0	0	0	0	0	0.0233	0	0	0	0.00667	0	0	0	0	0	0.00667	0.01	0	0	0	0.01	0	0	0	0	0.00667	0	0	0	0.02	0	0	0	0	0	0	0	0	0	0.00333	0	0	0.3
Hyphomicrobiaceae	0	0	0	0	0	0	0	0	0	0	0	0	0	0	0	0	0	0.00333	0.0233	0	0.00667	0	0	0	0	0	0	0.00333	0	0	0	0	0	0.00333	0	0	0	0	0	0	0	0	0	0	0	0	0	0.00667	0.00667	0.00333	0	0	0.00667	0	0	0.3
Erythrobacteraceae	0	0.01	0.00667	0	0	0	0	0	0	0.0167	0.02	0	0.00667	0	0	0	0	0.00333	0.07	0.0133	0.0633	0	0	0	0	0.0133	0	0	0	0.00333	0	0	0	0	0	0	0	0	0.00333	0	0	0.00333	0.00667	0	0	0	0.00333	0	0	0.00333	0	0.00667	0.0467	0	0	0.3
Gemmatimonadaceae	0	0	0.00667	0.00333	0	0	0	0	0.00667	0	0.00333	0	0.01	0.00667	0	0	0	0	0.00667	0.0267	0.0167	0	0	0	0	0.23	0	0	0	0	0	0	0	0	0	0	0	0	0.0767	0	0	0	0	0	0	0	0	0	0	0	0	0	0.193	0	0	0.2
Brucellaceae	0	0.0133	0.01	0	0	0.01	0	0	0	0.0133	0.0367	0	0	0	0	0	0.00667	0	0.08	0.00667	0.0733	0	0	0	0	0.00667	0	0	0	0	0	0	0	0.00667	0	0	0	0	0.00667	0	0	0	0.01	0	0	0	0.00333	0	0	0.01	0	0.01	0.0333	0	0.00333	0.2
Dermabacteraceae	0	0	0	0.00333	0	0	0	0	0	0	0	0	0	0	0.00333	0	0	0	0	0.00333	0.00667	0	0	0	0	0	0	0	0	0	0	0	0	0	0	0	0	0	0	0	0	0	0	0	0	0	0	0.00333	0	0.00333	0	0	0	0	0	0.2
Cardiobacteriaceae	0	0	0	0	0.00667	0	0	0	0	0	0	0	0	0	0	0	0	0	0	0	0.00333	0.00333	0.0233	0	0	0.0633	0	0	0.00333	0.0133	0.00333	0	0	0.00667	0.00333	0	0	0	0.127	0	0	0	0.0133	0	0	0	0	0	0	0	0	0	0.00333	0	0	0.2
Clostridiales_vadinBB60_group	0	0.01	0.00667	0	0.07	0	0	0	0	0.0567	0	0	0	0	0	0	0	0	0.117	0.02	0.05	0	0.00667	0.00667	0	0	0	0	0.0333	0.06	0	0	0.00667	0	0.03	0.00667	0	0	0	0	0	0	0.223	0.07	0.00333	0.01	0	0	0	0	0	0	0.02	0	0	0.2
Defluviitaleaceae	0	0	0.0133	0	0.00333	0.00333	0.00333	0	0	0.0133	0.00333	0	0	0	0	0	0	0	0	0	0	0.00333	0.00333	0	0	0.00333	0	0.00333	0.00667	0.00333	0	0	0.00333	0	0.00333	0	0	0	0.00333	0	0.00333	0.0167	0.01	0.00667	0	0	0	0	0	0	0	0	0	0	0.00333	0.2
Opitutaceae	0	0	0	0	0	0	0	0	0	0	0	0	0	0	0	0	0	0	0	0	0	0	0	0	0	0	0	0	0	0	0	0	0	0	0	0	0	0	0	0	0	0	0	0	0	0	0	0	0	0	0	0	0.0667	0	0	0.2
Helicobacteraceae	0	0	0	0.02	0.00667	16.3	0.0133	0.0967	0	0.00333	0	0	0	0	0	0	0	0	0.0233	0.00667	0.0133	0	0	0	0	0	0	0	0.00333	0.00333	0	0	0	0	0.00667	0	0	0	0	0	0	0	0.00333	0.00333	0.00333	0	0	0	0	0	0	0	0	0	0	0.2
Vibrionaceae	0	0	0	0.02	0	0	0	0	0	0	0	0	0	0	0	0.00333	0	0	0	0	0	0	0	0	0	0.0167	0.00667	0.0167	0	0	0	0	0	0	0	0	0	0	0.00667	0.00333	0.0133	0	0	0	0	0	0	0	0	0	0	0	0.00333	0	0	0.2
Methylophilaceae	0	0	0	0	0	0	0	0	0	0	0	0	0	0	0	0	0	0	0.00667	0	0	0.0167	0	0	0	0	0	0	0	0	0	0	0	0.0133	0	0	0	0	0	0.00333	0	0.00333	0	0	0	0	0	0	0.00333	0	0	0	0	0	0	0.2
Listeriaceae	0.447	0	0	0	0	0	0	0	0.46	0	0.00333	0	0.15	0.42	0.207	0	0.403	0.37	0	0	0	0.287	0	0	0	0	0	0	0	0	0	0	0	0.383	0	0	0	0	0	0	0	0.0967	0	0	0	0	0.433	0.363	0.39	0.403	0.483	0	4.77	0	0	0.2
Unknown_Family	0	0	0	0	0	0	0	0	0	0	0	0	0	0	0	0	0	0	0.01	0	0.00667	0	0	0	0	0.0133	0	0	0	0	0	0	0	0	0	0	0	0	0	0	0	0	0	0	0	0	0	0	0	0	0	0	0.01	0	0	0.2
WCHB1-69	0	0.00667	0	0	0.0233	0	0	0	0	0	0	0	0	0	0	0	0	0	0.13	0.02	0.0133	0.01	0.00333	0	0	0.00333	0	0	0.12	0.0233	0	0	0	0.00667	0	0	0	0	0.0333	0	0	0	0.11	0.03	0.00333	0.00667	0	0	0	0	0	0.00333	0.01	0	0	0.2
Rhodospirillales_Incertae_Sedis	0	0	0	0	0	0	0	0	0.00333	0	0	0	0	0	0	0	0	0	0	0.0133	0.01	0	0	0	0	0.04	0	0	0	0	0	0	0	0	0	0	0	0	0.0133	0	0	0	0	0	0	0	0	0	0	0	0	0	0	0	0	0.2
Rhizobiaceae	0.00333	0	0	0	0	0	0	0	0	0	0.00667	0	0.00333	0	0	0	0	0	0	0.01	0.0133	0	0	0	0	0.00333	0	0	0	0	0	0	0	0	0	0	0	0	0.00333	0	0	0	0	0	0	0	0	0	0	0	0	0	0.13	0	0	0.2
Microbacteriaceae	0.00333	0	0	0	0	0	0	0	0	0.00667	0	0	0.00333	0	0	0	0.00333	0	0	0	0.00333	0.00333	0	0	0	0	0	0	0	0	0	0	0	0	0	0	0	0	0	0	0	0.00333	0	0	0	0	0	0.00333	0	0.0133	0	0	0.0267	0	0	0.2
Bacteroidales_Incertae_Sedis	0	0	0.0133	0.00333	0.0433	0.00333	0	0	0	0	0.01	0	0	0	0	0	0	0	0.113	0.0333	0	0.157	0	0	0	0.113	0.00333	0	0.0733	0.04	0	0	0	0.107	0.00333	0	0	0	0.413	0.00333	0	0.00667	0.12	0.0667	0	0.01	0	0	0	0	0	0.00333	0	0	0	0.1
Rhodospirillaceae	0	0	0	0	0	0	0	0	0	0	0.00333	0	0	0	0	0	0	0	0	0	0	0	0	0	0	0	0	0	0	0	0	0	0	0	0	0	0	0	0	0	0	0	0	0	0	0	0	0	0	0	0	0	0.02	0	0	0.1
CCU22	0	0	0	0	0	0	0	0	0	0	0	0	0.00333	0	0	0	0	0	0	0	0	0	0	0	0	0	0	0	0	0	0	0	0	0	0	0	0	0	0	0	0	0	0	0	0	0	0	0	0	0	0	0	0.02	0	0	0.1
Syntrophomonadaceae	0	0	0	0	0	0.04	0	0	0	0	0.00333	0	0	0	0	0	0	0	0.00667	0	0	0	0	0	0	0	0	0	0.0133	0	0	0	0	0	0	0	0	0	0	0	0	0	0.02	0.00333	0	0	0	0	0	0	0	0	0	0	0	0.1
Brevibacteriaceae	0	0	0	0	0	0	0	0	0	0	0.00667	0	0	0	0	0.00333	0	0	0	0	0	0	0	0	0	0	0	0	0	0	0	0	0	0	0	0	0	0	0	0	0	0	0	0.00333	0	0	0	0	0	0	0	0	0	0	0	0.1
16d63.751	0	0.04	0.02	0	1.28	0.0267	0.927	0.177	0	0	0	0.00333	0.00333	0.00333	0.01	0	0	0	0.00333	0.01	0.02	0.00667	3.78	0.187	0.0133	27.8	0.0567	0.00333	0.04	0.14	0.0633	0.05	0.00333	0.02	0.00333	0.747	0.12	0.0567	22.5	0.00333	0.01	0	0.00333	0.0233	0.0467	0.0533	0	0	0.00333	0	0	0.01	0.28	0.05	0.00667	0.1
Thermoplasmatales_Incertae_Sedis	0	0	0	0	0	0	0	0	0	0	0	0	0	0	0	0	0	0	0	0.0167	0	0	0	0	0	0	0	0	0.00333	0	0	0	0	0	0	0	0	0	0.00333	0	0	0	0	0	0	0	0	0	0	0	0	0	0	0	0	0.1
Shewanellaceae	0	0	0	0	0	0	0	0	0	0	0	0	0	0	0	0	0	0.00333	0	0	0	0	0	0	0	0	0	0	0	0	0	0	0	0	0	0	0	0	0	0	0	0	0	0	0	0	0	0	0	0.00667	0.00333	0	0.0233	0	0	0.1
SD04E11	0	0.00333	0.00333	0	0	0	0	0	0.00333	0	0	0	0.00333	0	0	0	0	0	0.03	0	0.01	0	0	0	0	0.00667	0	0	0	0	0	0	0	0	0	0	0	0	0	0	0	0	0	0	0	0	0	0	0	0	0	0	0	0	0	0.1
Sporolactobacillaceae	0	0	0	0	0	0	0	0	0	0	0	0	0	0	0	0	0	0	0.01	0.0133	0.0133	0	0	0	0	0.00333	0	0	0.00667	0.00667	0	0	0	0	0	0	0	0	0	0	0	0	0	0	0	0	0	0	0	0.00333	0	0	0	0	0	0.1
Acetobacteraceae	0	0	0	0	0	0	0	0	0	0	0	0	0	0	0	0	0	0	0	0	0	0	0	0	0	0.4	0	0	0	0	0	0	0	0	0	0	0	0	0.02	0	0	0	0	0	0	0	0	0	0	0	0	0	0	0	0	0.1
Rhodocyclaceae	0	0	0	0	0	0	0	0	0.00333	0	0	0	0.04	0	0	0	0	0	0	0.00667	0	0.00667	0	0	0	0	0	0	0	0	0	0	0	0	0	0	0	0	0	0	0	0	0	0	0	0	0	0	0	0	0	0	1.37	0	0	0.1
Desulfomicrobiaceae	0	0	0.673	0	0	0.117	0	0	0	0.04	0.107	0.00667	0	0	0	0	0	0	0	0	0	0	0.0267	0	0	0	0	0	0	0	0	0	0	0	0.0267	0.00333	0	0	0	0	0	0	0	0	0	0	0	0	0	0	0	0	0.0367	0	0	0.1
Methylocystaceae	0	0	0.00667	0	0	0	0	0	0	0	0	0	0	0	0	0	0	0	0	0	0.04	0	0	0	0	0	0	0	0	0	0	0	0	0	0	0	0	0	0	0	0	0	0	0	0	0	0	0	0.00333	0	0	0.01	0	0.00333	0	0.1
Desulfobulbaceae	0	0	0.00667	0	0	0.0167	0	0	0	0	0	0	0	0	0	0	0	0	0	0	0	0	0.0133	0	0	0	0	0	0.00667	0	0	0	0	0	0	0	0	0	0	0	0	0	0.01	0	0	0.00333	0	0	0	0	0	0	0.00333	0	0	0.1
Myxococcaceae	0	0	0	0	0	0	0	0	0	0	0	0	0.00333	0	0	0	0	0	0	0	0	0	0	0	0	0	0	0	0	0	0	0	0	0	0	0	0	0	0	0	0	0	0	0	0	0	0	0	0	0	0	0	0.0867	0	0	0.1
Mycobacteriaceae	0	0	0	0	0	0	0	0	0	0	0	0	0	0	0	0.00333	0	0	0	0	0.00333	0	0	0	0	0.00667	0	0	0	0	0	0	0	0	0	0	0	0	0.01	0	0	0	0	0	0	0	0	0	0	0	0	0	0	0	0	0.1
Alcaligenaceae	0	0.00333	0.00333	0	0	0	0	0	0	0	0.00333	0	0.00333	0	0	0	0.00333	0.0167	0.0867	0	0.0233	0	0	0	0	0.06	0	0	0	0	0	0	0	0.00333	0	0	0	0	0.00333	0	0	0	0	0	0	0	0	0	0	0.00667	0	0.00667	0	0	0	0.1
Family_XII	0	0.02	0	0.0367	0	0	0	0	0.00333	0	0	0	0	0	0	0	0.00333	0.01	0	0	0.01	0	0	0	0	0	0	0	0	0	0	0	0	0	0	0	0	0	0	0	0	0	0	0	0.0267	0	0	0.00333	0	0.01	0.00333	0	0	0	0	0.1
Eubacteriaceae	0	0	0	0	0.01	0.0267	0	0	0	0	0	0	0	0	0	0	0	0	0	0.01	0	0	0.03	0	0	0	0	0	0.01	0.00667	0	0	0.00333	0	0	0	0	0	0	0	0	0	0.00333	0.00667	0	0	0	0	0	0	0	0.00333	0	0	0	0.1
Methanobacteriaceae	0.00333	0	0	0	0	0	0	0	0	0	0	0	0	0	0	0	0	0	0	0	0	0.00333	0	0	0	0.00333	0	0	0	0.00333	0	0	0	0	0	0	0	0	0	0	0	0	0	0	0	0	0	0	0	0	0	0	0.00667	0	0	0.1
Leptospiraceae	0	0	0	0	0	0	0	0	0	0	0	0	0.00333	0	0	0	0	0	0	0	0	0	0	0	0	0	0	0	0	0	0	0	0	0	0	0	0	0	0	0	0	0	0	0	0	0	0	0	0	0	0	0	0.0267	0	0	0.1
Phyllobacteriaceae	0	0	0.00667	0	0	0	0	0	0	0.00333	0.00667	0	0	0	0	0	0	0	0.0133	0	0	0	0	0	0	0.00667	0	0	0	0	0	0	0	0	0	0	0	0	0	0	0	0	0	0	0	0	0	0	0	0	0	0	0.0133	0	0	0.1
Firmicutes_oral_clone_FM046	0	0	0.1	0	0	0	0.253	0.213	0	0.22	0.07	0	0.02	0	0	0	0	0	0	0	0	0	0	0.01	0.0267	0	0	0	0	0	0	0	0.0233	0	0.01	0	0.05	0.0667	0	0	0	0	0	0	0	0	0	0	0	0	0	0	0	0.37	0.223	0.1
Clostridiaceae_2	0.0267	0	0	0	0	0	0	0	0.0533	0	0	0	0	0.0433	0.01	0	0.0367	0.0467	0	0	0	0.0267	0	0	0	0	0	0	0	0	0	0	0	0.0267	0	0	0	0	0	0	0	0.00333	0	0	0	0	0.0333	0.02	0.05	0.0367	0.0133	0	0.07	0	0	0.1
Rhizobiales_Incertae_Sedis	0	0	0	0	0	0	0	0	0	0	0	0	0	0.00333	0	0	0	0	0	0.00333	0.0267	0	0	0	0	0.0567	0	0	0	0	0	0	0	0.00333	0	0	0	0	0.0233	0	0	0	0	0	0	0	0	0	0	0	0	0	0	0	0	0.1
Pseudonocardiaceae	0	0	0.0233	0	0	0.00333	0	0	0	0.00333	0	0	0	0	0	0	0	0	0	0.00333	0.00333	0	0	0	0	0	0	0	0	0	0	0	0	0	0.00333	0	0	0	0.00333	0	0	0	0	0	0	0	0	0	0	0	0	0.00333	0	0	0	0.1
OPB56	0	0	0	0	0	0	0	0	0	0	0	0	0	0	0	0	0	0	0	0	0	0	0	0	0	0	0	0	0	0	0	0	0	0	0	0	0	0	0	0	0	0	0	0	0	0	0	0	0	0	0	0	0.0233	0	0	0.1
Nevskiaceae	0	0	0	0	0	0	0	0	0	0	0	0	0	0	0	0	0	0	0	0	0	0	0	0	0	0	0	0	0	0	0	0	0	0	0	0	0	0	0	0	0	0	0	0	0	0	0	0	0	0	0	0	0.0267	0	0	0.1
Oxalobacteraceae	0.0267	0	0	0.00667	0	0	0	0	0.0367	0	0	0	0.00333	0.0333	0.0167	0	0.0333	0.0533	0	0.01	0	0.05	0	0	0	0	0	0	0	0	0	0	0	0.02	0	0	0	0	0	0	0	0.00333	0	0	0	0	0.0333	0.01	0.0233	0.0267	0.04	0	0.29	0	0	0.1
Peptococcaceae	0	0.0233	0.0533	0.00333	0.00667	0.0433	0	0	0	0.0933	0.07	0	0	0	0	0	0	0	0.14	0.02	0.00333	0	0.00333	0	0	0	0	0	0.0433	0.00667	0	0.00333	0.06	0	0.0933	0	0	0	0.01	0	0	0.00333	0.24	0.01	0	0.18	0	0	0	0	0	0.09	0.00667	0	0	0.1
Cytophagaceae	0	0	0	0	0	0	0	0	0	0	0	0	0.00667	0	0	0	0	0	0	0	0	0	0	0	0	0	0	0	0	0	0	0	0	0	0	0	0	0	0	0	0	0	0	0	0	0	0	0	0	0	0	0	0.15	0	0	0.1
